,index,class,gazex,gazey,fps
0,0,2,346.125,435.0,0.7672033896444926
1,1,2,332.8125,435.0,26.509986347777723
2,2,2,332.8125,435.0,32.43026915017822
3,3,2,332.8125,435.0,27.018365230386696
4,4,2,332.8125,435.0,25.01224879241457
5,5,2,346.125,442.5,31.67687997039476
6,6,2,359.4375,435.0,23.6510677169972
7,7,2,359.4375,435.0,30.74867674442473
8,8,2,359.4375,435.0,29.87161974489178
9,9,2,372.75,442.5,23.17423062047627
10,10,2,372.75,442.5,28.26807569957405
11,11,2,372.75,442.5,19.906048741130967
12,12,2,372.75,442.5,32.46239696606168
13,13,2,372.75,442.5,31.655124528301886
14,14,2,372.75,442.5,30.26761152885823
15,15,2,372.75,442.5,32.129919872531445
16,16,2,372.75,442.5,26.97631221821316
17,17,2,359.4375,435.0,29.49622357557772
18,18,2,359.4375,435.0,22.90917830067073
19,19,2,359.4375,435.0,31.39449101796407
20,20,2,359.4375,435.0,22.11614087076652
21,21,2,359.4375,442.5,29.90207317420937
22,22,2,359.4375,435.0,29.7377679147494
23,23,2,359.4375,435.0,29.514696465389243
24,24,2,359.4375,442.5,12.135594004976564
25,25,2,372.75,442.5,31.55106554232456
26,26,2,372.75,450.0,31.06293602713552
27,27,2,372.75,450.0,21.9854908374219
28,28,2,372.75,450.0,30.42481393898069
29,29,2,372.75,450.0,27.864500913469524
30,30,2,386.0625,450.0,30.53800956700911
31,31,2,372.75,450.0,21.116272044867568
32,32,2,372.75,450.0,25.63708489453128
33,33,2,372.75,450.0,32.720453091601264
34,34,2,372.75,442.5,24.219472337870062
35,35,2,372.75,442.5,25.31095702759624
36,36,2,372.75,442.5,33.483714395197346
37,37,2,372.75,442.5,29.678009156070672
38,38,2,372.75,442.5,30.155323891005825
39,39,2,372.75,442.5,29.80814441048966
40,40,2,386.0625,450.0,30.427683267438063
41,41,2,386.0625,450.0,31.749053804463014
42,42,2,386.0625,450.0,24.132240154195795
43,43,2,372.75,457.5,30.26171528343952
44,44,2,386.0625,457.5,29.42751701396197
45,45,2,386.0625,450.0,30.07294706426425
46,46,2,386.0625,450.0,26.247373262661217
47,47,2,372.75,457.5,25.61500879421536
48,48,2,359.4375,450.0,27.98833570222676
49,49,2,372.75,457.5,30.06130800931733
50,50,2,372.75,457.5,19.98753371520067
51,51,2,346.125,457.5,28.60370307225424
52,52,2,306.1875,457.5,27.72048880752377
53,53,2,292.875,450.0,27.29049846770468
54,54,2,306.1875,307.5,28.514640397571604
55,55,2,292.875,300.0,27.09883833619765
56,56,2,252.9375,217.5,23.959510562213666
57,57,1,252.9375,217.5,18.59078417814656
58,58,1,239.625,217.5,23.12185226019845
59,59,1,-1.0,-1.0,30.346228701660458
60,60,1,239.625,210.0,28.662147386835777
61,61,1,239.625,210.0,30.301504851212623
62,62,1,-1.0,-1.0,30.29975366077427
63,63,1,239.625,210.0,29.59612752085127
64,64,3,-1.0,-1.0,26.07700677057752
65,65,3,-1.0,-1.0,26.86916803864165
66,66,3,-1.0,-1.0,19.50303870100763
67,67,3,239.625,202.5,29.61305308641104
68,68,3,-1.0,-1.0,25.678835781237563
69,69,3,-1.0,-1.0,33.48398170249794
70,70,3,-1.0,-1.0,32.42675902804085
71,71,3,-1.0,-1.0,31.189054134443783
72,72,3,-1.0,-1.0,8.624044412460162
73,73,3,-1.0,-1.0,31.289801338336552
74,74,3,-1.0,-1.0,21.97731166850933
75,75,3,-1.0,-1.0,27.49245552627784
76,76,3,-1.0,-1.0,24.762979843899444
77,77,3,-1.0,-1.0,30.943311594416738
78,78,3,-1.0,-1.0,30.271325158598987
79,79,3,-1.0,-1.0,21.581854855308112
80,80,3,-1.0,-1.0,29.9867307252345
81,81,3,-1.0,-1.0,28.558907840533823
82,82,3,-1.0,-1.0,29.54172095873333
83,83,3,-1.0,-1.0,26.501443762755343
84,84,3,-1.0,-1.0,27.73185229263777
85,85,3,-1.0,-1.0,25.02642680270891
86,86,3,252.9375,210.0,29.33018188429613
87,87,1,252.9375,210.0,33.0961169721694
88,88,1,252.9375,210.0,27.62918705988525
89,89,1,-1.0,-1.0,26.70595651204992
90,90,3,-1.0,-1.0,28.738935900510462
91,91,3,-1.0,-1.0,22.038746289047108
92,92,3,-1.0,-1.0,30.431877875001813
93,93,3,-1.0,-1.0,29.79565103112191
94,94,3,-1.0,-1.0,30.860212047412684
95,95,3,-1.0,-1.0,25.17105958039272
96,96,3,-1.0,-1.0,21.97949986375165
97,97,3,-1.0,-1.0,27.681703284736567
98,98,3,-1.0,-1.0,30.57897537965778
99,99,3,-1.0,-1.0,29.45438202247191
100,100,3,-1.0,-1.0,25.50969468434497
101,101,3,-1.0,-1.0,29.35009026912796
102,102,3,-1.0,-1.0,26.193772404231662
103,103,3,-1.0,-1.0,32.270330989274775
104,104,3,-1.0,-1.0,25.11830017606688
105,105,3,-1.0,-1.0,19.63221059332347
106,106,3,-1.0,-1.0,30.97324560431852
107,107,3,-1.0,-1.0,31.95538455677879
108,108,3,-1.0,-1.0,24.06812495696284
109,109,3,-1.0,-1.0,29.078243507438888
110,110,3,-1.0,-1.0,30.55981464345824
111,111,3,-1.0,-1.0,17.418205980066446
112,112,3,-1.0,-1.0,30.105541200114843
113,113,3,-1.0,-1.0,33.79341905958942
114,114,3,-1.0,-1.0,21.08813739982101
115,115,3,-1.0,-1.0,31.020893579569407
116,116,3,-1.0,-1.0,32.515496844814486
117,117,3,-1.0,-1.0,27.84729580793796
118,118,3,-1.0,-1.0,20.04637958227788
119,119,3,266.25,210.0,26.991589067718625
120,120,1,279.5625,210.0,24.23234558343492
121,121,1,279.5625,210.0,26.027974631700445
122,122,1,279.5625,210.0,25.687642775338222
123,123,1,279.5625,210.0,19.671342610180144
124,124,1,266.25,210.0,19.284776981328136
125,125,1,279.5625,210.0,31.84837808285749
126,126,1,279.5625,210.0,30.83616259493159
127,127,1,266.25,210.0,19.997063114433647
128,128,1,266.25,210.0,29.176346195315706
129,129,1,266.25,210.0,32.9290436038752
130,130,1,266.25,210.0,26.436133066091845
131,131,1,252.9375,210.0,30.84795575396972
132,132,1,239.625,210.0,29.99573768147036
133,133,1,359.4375,450.0,23.34409733237604
134,134,1,306.1875,412.5,29.85354743195536
135,135,1,306.1875,412.5,33.317742755465176
136,136,1,226.3125,217.5,30.02171656800921
137,137,1,306.1875,412.5,25.940725347583
138,138,1,226.3125,217.5,29.825525499900447
139,139,1,226.3125,217.5,25.377574481473413
140,140,1,306.1875,412.5,29.835496973275195
141,141,1,306.1875,412.5,7.594139501872144
142,142,1,292.875,412.5,25.58219988533369
143,143,1,292.875,412.5,27.674945234764703
144,144,1,306.1875,412.5,28.23458452259141
145,145,1,306.1875,412.5,22.77866542119012
146,146,1,306.1875,412.5,25.74977745308097
147,147,1,306.1875,412.5,23.39788017404887
148,148,1,319.5,442.5,24.87459227365999
149,149,1,319.5,442.5,21.698641475855933
150,150,1,319.5,442.5,25.54527349245696
151,151,1,319.5,442.5,28.293246269663527
152,152,1,319.5,442.5,25.656687750033644
153,153,1,319.5,442.5,30.28181562208954
154,154,1,319.5,442.5,32.411974715237314
155,155,1,332.8125,442.5,15.158144291894198
156,156,1,332.8125,450.0,19.980963723411858
157,157,1,332.8125,450.0,30.51290557253019
158,158,1,332.8125,450.0,30.969357768359497
159,159,1,332.8125,450.0,31.46939571735118
160,160,1,332.8125,450.0,30.3356935695016
161,161,1,306.1875,412.5,27.42576160802443
162,162,1,306.1875,412.5,30.011405510994084
163,163,1,306.1875,412.5,30.526007816537
164,164,1,306.1875,412.5,29.242660233840663
165,165,1,319.5,442.5,19.29276044948782
166,166,1,319.5,442.5,29.287991676500777
167,167,1,306.1875,412.5,31.229461081411102
168,168,1,319.5,442.5,28.97879602313161
169,169,1,306.1875,412.5,30.008614151820847
170,170,1,319.5,442.5,28.561241513622463
171,171,1,319.5,442.5,30.348863628141213
172,172,1,319.5,435.0,28.93301877681663
173,173,1,319.5,435.0,28.75134697906527
174,174,1,306.1875,412.5,28.6089708610717
175,175,1,306.1875,412.5,30.080279983074792
176,176,1,306.1875,397.5,30.754087782845243
177,177,1,292.875,397.5,28.223375120280465
178,178,1,292.875,382.5,33.22694720831485
179,179,1,292.875,352.5,28.948794577843422
180,180,1,306.1875,345.0,26.74802306004796
181,181,1,292.875,352.5,19.58509138112982
182,182,1,292.875,382.5,24.174802160243
183,183,1,279.5625,390.0,21.199413697245387
184,184,1,292.875,390.0,27.62882306055636
185,185,1,292.875,390.0,32.75469340580389
186,186,1,306.1875,300.0,31.31924044772665
187,187,1,306.1875,307.5,25.93206464616488
188,188,1,306.1875,300.0,25.68355306263663
189,189,1,306.1875,300.0,29.12832479131075
190,190,1,266.25,210.0,25.367904729071785
191,191,1,266.25,210.0,30.78071977925204
192,192,1,266.25,210.0,28.576419690001703
193,193,1,279.5625,210.0,25.46694515956672
194,194,1,279.5625,210.0,31.06431639757073
195,195,1,306.1875,300.0,22.775202132916306
196,196,1,306.1875,300.0,24.97531231764104
197,197,1,266.25,217.5,29.82170840265632
198,198,1,279.5625,210.0,29.40688494706584
199,199,1,279.5625,210.0,28.65783899752661
200,200,1,-1.0,-1.0,30.1436209969528
201,201,3,-1.0,-1.0,31.04500236854572
202,202,3,-1.0,-1.0,21.71200803399956
203,203,3,266.25,210.0,25.0636645034838
204,204,1,279.5625,210.0,24.849097404482468
205,205,1,266.25,210.0,22.18809314726452
206,206,1,266.25,210.0,20.006983333492336
207,207,1,266.25,210.0,30.8797514485338
208,208,1,266.25,210.0,24.885808878499127
209,209,1,266.25,210.0,29.86715278568987
210,210,1,266.25,217.5,25.135309733982943
211,211,1,266.25,210.0,24.492429152870965
212,212,1,266.25,210.0,23.513704121046995
213,213,1,252.9375,210.0,24.06715822694018
214,214,1,266.25,210.0,7.888938418452082
215,215,1,252.9375,210.0,16.23276893008495
216,216,1,252.9375,210.0,23.7470785397228
217,217,1,252.9375,210.0,27.63046113306983
218,218,1,252.9375,210.0,22.960470781442453
219,219,1,252.9375,210.0,27.59083792708758
220,220,1,252.9375,210.0,24.16059815323645
221,221,1,252.9375,210.0,30.037841786384405
222,222,1,239.625,210.0,31.46349404007292
223,223,1,239.625,210.0,31.016305674078787
224,224,1,239.625,210.0,30.71355135396377
225,225,1,239.625,210.0,5.195149563386388
226,226,1,239.625,210.0,30.6149107312302
227,227,1,226.3125,217.5,30.6870354111794
228,228,1,226.3125,217.5,18.9554213818287
229,229,1,226.3125,217.5,29.62644006978732
230,230,1,226.3125,217.5,30.908651436993367
231,231,1,239.625,210.0,26.501443762755343
232,232,1,239.625,210.0,27.344229377595525
233,233,1,239.625,210.0,22.14463187349859
234,234,1,239.625,217.5,22.90092274092274
235,235,1,239.625,217.5,27.85413830430134
236,236,1,239.625,202.5,29.5186431135196
237,237,1,239.625,202.5,28.02330429205196
238,238,1,239.625,217.5,28.84804632960321
239,239,1,239.625,217.5,27.41841097179913
240,240,1,252.9375,217.5,29.57421574779832
241,241,1,252.9375,217.5,31.07743603802524
242,242,1,252.9375,217.5,29.62916077988132
243,243,1,252.9375,210.0,22.873447128756062
244,244,1,252.9375,217.5,22.301112316297665
245,245,1,252.9375,210.0,30.14058839592406
246,246,1,252.9375,210.0,30.63682580494361
247,247,1,252.9375,210.0,30.105109028007064
248,248,1,252.9375,210.0,30.15597431823248
249,249,1,252.9375,210.0,30.727051618291306
250,250,1,266.25,210.0,28.0203089091978
251,251,1,266.25,210.0,30.099491919510864
252,252,1,266.25,210.0,29.068570240487908
253,253,1,-1.0,-1.0,28.33032083755488
254,254,3,-1.0,-1.0,23.447191739852304
255,255,3,-1.0,-1.0,18.89402723533837
256,256,3,-1.0,-1.0,29.31111980768156
257,257,3,-1.0,-1.0,29.30804759941584
258,258,3,-1.0,-1.0,18.43771677253445
259,259,3,-1.0,-1.0,26.301029014315905
260,260,3,-1.0,-1.0,29.30784280842976
261,261,3,-1.0,-1.0,29.70049568049852
262,262,3,-1.0,-1.0,26.23095829242209
263,263,3,-1.0,-1.0,23.909794666575458
264,264,3,-1.0,-1.0,26.26874346303916
265,265,3,-1.0,-1.0,24.503160526715504
266,266,3,-1.0,-1.0,28.131000207915545
267,267,3,-1.0,-1.0,20.302354399008674
268,268,3,266.25,210.0,29.99059018690921
269,269,1,266.25,210.0,20.036420266177497
270,270,1,266.25,210.0,5.157066414856783
271,271,1,266.25,210.0,24.9672841563884
272,272,1,252.9375,210.0,28.894948228469865
273,273,1,252.9375,210.0,30.4087116021779
274,274,1,239.625,210.0,29.38545826502445
275,275,1,239.625,210.0,25.400165930878284
276,276,1,239.625,210.0,28.493913043478265
277,277,1,226.3125,217.5,31.35881332615587
278,278,1,279.5625,375.0,20.682380323083297
279,279,1,239.625,210.0,15.369268088911038
280,280,1,239.625,210.0,25.523821114958405
281,281,1,239.625,210.0,32.69316330587016
282,282,1,239.625,210.0,27.59301606515532
283,283,1,239.625,210.0,3.514135957210076
284,284,1,239.625,210.0,17.310232684831327
285,285,1,239.625,210.0,31.05925563898639
286,286,1,239.625,210.0,32.383446571958
287,287,1,239.625,210.0,29.42214989197228
288,288,1,239.625,210.0,32.26660717445322
289,289,1,239.625,210.0,31.471520863190594
290,290,1,239.625,210.0,27.76416074773779
291,291,1,239.625,210.0,17.965758734863638
292,292,1,239.625,210.0,31.36960196251477
293,293,1,239.625,210.0,23.389138278117628
294,294,1,239.625,210.0,30.12175661603648
295,295,1,239.625,210.0,30.79224449942369
296,296,1,239.625,210.0,30.94764958053258
297,297,1,239.625,210.0,31.878635869606523
298,298,1,239.625,210.0,32.16022205353514
299,299,1,239.625,210.0,34.31709512199113
300,300,1,239.625,210.0,35.06063696397225
301,301,1,239.625,210.0,23.43854394268758
302,302,1,239.625,210.0,31.54038892481689
303,303,1,239.625,210.0,31.48285982360668
304,304,1,306.1875,412.5,30.35808947532227
305,305,1,306.1875,412.5,30.81531984924069
306,306,1,239.625,210.0,26.753653324828576
307,307,1,-1.0,-1.0,24.994064786785213
308,308,3,-1.0,-1.0,31.8085256444286
309,309,3,-1.0,-1.0,29.248369978312866
310,310,3,-1.0,-1.0,25.14661198844083
311,311,3,-1.0,-1.0,30.316836406479265
312,312,3,-1.0,-1.0,28.708053277846982
313,313,3,-1.0,-1.0,29.860561144215914
314,314,3,-1.0,-1.0,31.54062610448109
315,315,3,-1.0,-1.0,32.8018268839741
316,316,3,-1.0,-1.0,30.0496779601516
317,317,3,-1.0,-1.0,29.59696289710261
318,318,3,-1.0,-1.0,28.94859477665507
319,319,3,-1.0,-1.0,30.072300213659894
320,320,3,-1.0,-1.0,28.72929024480458
321,321,3,-1.0,-1.0,28.939207230827613
322,322,3,-1.0,-1.0,32.72632507041814
323,323,3,-1.0,-1.0,23.44312910113239
324,324,3,-1.0,-1.0,31.49893734463829
325,325,3,-1.0,-1.0,30.939659496621523
326,326,3,-1.0,-1.0,33.25197206212293
327,327,3,306.1875,412.5,12.578358634174428
328,328,2,346.125,442.5,21.94649294927138
329,329,2,306.1875,412.5,31.344752339102623
330,330,2,319.5,435.0,31.403188008655093
331,331,2,319.5,435.0,31.340302321584684
332,332,2,319.5,435.0,31.97414200551922
333,333,2,319.5,435.0,30.03074455669557
334,334,2,319.5,435.0,28.82286970863112
335,335,2,319.5,435.0,31.830734087683748
336,336,2,306.1875,412.5,26.90070421631884
337,337,2,252.9375,210.0,28.90928765895854
338,338,2,252.9375,210.0,22.906425786156653
339,339,2,252.9375,217.5,32.897017992439096
340,340,2,252.9375,210.0,31.979505321906736
341,341,2,252.9375,217.5,20.450642144577607
342,342,2,306.1875,412.5,32.642784319524324
343,343,2,306.1875,435.0,31.86434703335106
344,344,2,319.5,442.5,31.01148983364141
345,345,2,319.5,442.5,30.411577894110994
346,346,2,319.5,442.5,28.55326970468501
347,347,2,319.5,442.5,20.59595280067961
348,348,2,319.5,442.5,15.5644352085498
349,349,2,319.5,442.5,33.803223726627984
350,350,2,319.5,442.5,20.83029062953177
351,351,2,319.5,442.5,23.67349426831402
352,352,2,319.5,442.5,8.276396614697925
353,353,2,319.5,442.5,32.70744013038359
354,354,2,319.5,442.5,30.113538622803933
355,355,2,319.5,450.0,23.47107179030895
356,356,2,319.5,442.5,31.089184060721063
357,357,2,319.5,442.5,33.3739457016455
358,358,2,332.8125,450.0,24.51032000186999
359,359,2,332.8125,450.0,29.57421574779832
360,360,2,306.1875,442.5,32.37919667739719
361,361,2,332.8125,450.0,28.184685683566844
362,362,2,332.8125,450.0,20.256173241960177
363,363,2,332.8125,450.0,28.96758821213733
364,364,2,332.8125,450.0,30.889075456969053
365,365,2,332.8125,450.0,21.081141938078005
366,366,2,332.8125,450.0,32.09500780508708
367,367,2,332.8125,450.0,21.51322295398125
368,368,2,319.5,450.0,33.933949288846456
369,369,2,332.8125,450.0,34.436841629925205
370,370,2,319.5,450.0,30.32231572250658
371,371,2,332.8125,450.0,29.81386521470256
372,372,2,332.8125,450.0,23.32008584550034
373,373,2,359.4375,450.0,33.26885217294742
374,374,2,359.4375,457.5,29.50493823686654
375,375,2,359.4375,457.5,25.35471663896025
376,376,2,332.8125,450.0,28.94240230749591
377,377,2,346.125,457.5,29.152214406850344
378,378,2,332.8125,450.0,30.10100401174098
379,379,2,332.8125,450.0,28.890370574459293
380,380,2,332.8125,450.0,31.016305674078787
381,381,2,332.8125,450.0,29.11356521618413
382,382,2,332.8125,450.0,26.948060959625813
383,383,2,319.5,450.0,29.157483489746262
384,384,2,332.8125,450.0,30.344691872494973
385,385,2,319.5,450.0,28.918257032542748
386,386,2,266.25,210.0,23.60395058949324
387,387,3,-1.0,-1.0,29.30784280842976
388,388,3,-1.0,-1.0,28.04035271859394
389,389,3,-1.0,-1.0,25.035389620079386
390,390,3,-1.0,-1.0,23.997894471844283
391,391,3,-1.0,-1.0,24.37740981186468
392,392,3,-1.0,-1.0,29.11599042032557
393,393,3,-1.0,-1.0,27.785680216227675
394,394,3,-1.0,-1.0,28.12552974625825
395,395,3,-1.0,-1.0,27.272221283014943
396,396,3,-1.0,-1.0,20.19152152354544
397,397,3,-1.0,-1.0,29.98330092645545
398,398,3,-1.0,-1.0,30.21658694023399
399,399,3,-1.0,-1.0,30.265645858438624
400,400,3,-1.0,-1.0,30.445573589617027
401,401,3,-1.0,-1.0,24.080561264912905
402,402,3,-1.0,-1.0,29.062930472983272
403,403,3,-1.0,-1.0,31.463730064663256
404,404,3,-1.0,-1.0,28.64726934950687
405,405,3,-1.0,-1.0,31.98706577693041
406,406,3,-1.0,-1.0,30.113538622803933
407,407,3,-1.0,-1.0,27.54318660896632
408,408,3,-1.0,-1.0,31.84015789873225
409,409,3,-1.0,-1.0,29.94006709972161
410,410,3,-1.0,-1.0,30.16313087002172
411,411,3,-1.0,-1.0,29.02712877865132
412,412,3,-1.0,-1.0,26.88828771075069
413,413,3,-1.0,-1.0,19.01376743595672
414,414,3,-1.0,-1.0,31.157312969387224
415,415,3,-1.0,-1.0,31.01837006360006
416,416,3,-1.0,-1.0,19.75872920160546
417,417,3,-1.0,-1.0,32.78413594190891
418,418,3,-1.0,-1.0,31.59432036458137
419,419,3,-1.0,-1.0,33.740409135152966
420,420,3,-1.0,-1.0,28.49797865184572
421,421,3,-1.0,-1.0,7.486205782558797
422,422,3,-1.0,-1.0,29.659121604898985
423,423,3,-1.0,-1.0,29.697761854524085
424,424,3,-1.0,-1.0,25.69189116346307
425,425,3,-1.0,-1.0,29.67989923435089
426,426,3,-1.0,-1.0,30.775976813295667
427,427,3,-1.0,-1.0,30.61982771207476
428,428,3,-1.0,-1.0,30.3668812128496
429,429,3,-1.0,-1.0,29.405029480015983
430,430,3,-1.0,-1.0,19.464934100612584
431,431,3,-1.0,-1.0,22.370814443436984
432,432,3,252.9375,217.5,15.658743284663084
433,433,1,306.1875,412.5,27.42450634235648
434,434,1,306.1875,412.5,28.483270517130148
435,435,1,306.1875,412.5,25.239219650744364
436,436,1,239.625,210.0,26.34431038056416
437,437,1,-1.0,-1.0,21.44590338282816
438,438,3,-1.0,-1.0,26.11402421940665
439,439,3,-1.0,-1.0,27.68956138266128
440,440,3,-1.0,-1.0,24.829385822110403
441,441,3,-1.0,-1.0,30.79021009822202
442,442,3,-1.0,-1.0,27.2539685633898
443,443,3,-1.0,-1.0,22.567371688986693
444,444,3,-1.0,-1.0,29.555043511961387
445,445,3,-1.0,-1.0,30.052261637779704
446,446,3,-1.0,-1.0,17.72066415987156
447,447,3,-1.0,-1.0,28.88141848855225
448,448,3,-1.0,-1.0,27.892295926849545
449,449,3,-1.0,-1.0,19.929979282686787
450,450,3,-1.0,-1.0,28.08955323836886
451,451,3,-1.0,-1.0,24.89127325598647
452,452,3,-1.0,-1.0,30.806266571674097
453,453,3,-1.0,-1.0,29.53943235439116
454,454,3,-1.0,-1.0,29.47135288579097
455,455,3,-1.0,-1.0,31.73992402342863
456,456,3,-1.0,-1.0,25.96786755737715
457,457,3,-1.0,-1.0,28.04635270045269
458,458,3,252.9375,217.5,27.610635314563325
459,459,2,306.1875,442.5,26.07311630104372
460,460,2,319.5,450.0,18.985623755205506
461,461,2,332.8125,450.0,26.833413303136737
462,462,2,332.8125,450.0,20.276933638222683
463,463,2,332.8125,442.5,28.605848974247053
464,464,2,319.5,442.5,16.521854221157785
465,465,2,319.5,442.5,20.81240913218445
466,466,2,319.5,442.5,29.402143663294847
467,467,2,332.8125,442.5,29.63879192164733
468,468,2,332.8125,442.5,22.334362819229376
469,469,2,332.8125,442.5,24.040948041154387
470,470,2,332.8125,442.5,25.88740965677289
471,471,2,332.8125,442.5,17.150268643534154
472,472,2,332.8125,442.5,23.14430759722774
473,473,2,319.5,442.5,19.7016501402126
474,474,2,319.5,442.5,27.650315443895813
475,475,2,332.8125,442.5,30.57117450691701
476,476,2,319.5,442.5,8.416331395617163
477,477,2,332.8125,442.5,31.80249609511245
478,478,2,332.8125,442.5,32.79541491715731
479,479,2,332.8125,442.5,27.56798822168472
480,480,2,332.8125,442.5,30.747098883537493
481,481,2,332.8125,442.5,30.896356645108064
482,482,2,332.8125,442.5,33.08776220190434
483,483,2,332.8125,442.5,29.145124417174504
484,484,2,332.8125,442.5,22.68110855752332
485,485,2,332.8125,442.5,30.49670988053776
486,486,2,332.8125,442.5,29.079856344551214
487,487,2,332.8125,442.5,30.05829194705423
488,488,2,332.8125,442.5,33.035900505663115
489,489,2,332.8125,442.5,26.631177934677705
490,490,2,332.8125,442.5,7.6690796125877885
491,491,2,332.8125,442.5,33.62221438419854
492,492,2,332.8125,442.5,31.94248636792884
493,493,2,332.8125,442.5,21.806150406821075
494,494,2,332.8125,442.5,25.40447362523546
495,495,2,332.8125,442.5,23.13167110625789
496,496,2,332.8125,435.0,26.86125253767284
497,497,2,319.5,435.0,19.74682209374588
498,498,2,319.5,435.0,27.578501637231568
499,499,2,332.8125,435.0,29.185075914663845
500,500,2,332.8125,435.0,22.27706754337977
501,501,2,332.8125,442.5,29.28471984639553
502,502,2,332.8125,442.5,24.73844266452762
503,503,2,346.125,442.5,18.923692604774345
504,504,2,346.125,442.5,31.030073463590025
505,505,2,346.125,442.5,30.1436209969528
506,506,2,346.125,442.5,23.3587881488082
507,507,2,346.125,442.5,21.604644095210134
508,508,2,359.4375,442.5,25.62439823073728
509,509,2,359.4375,442.5,29.752745226002325
510,510,2,372.75,442.5,29.354198451912712
511,511,2,386.0625,435.0,24.48813923481571
512,512,2,386.0625,450.0,28.198518239636417
513,513,2,386.0625,450.0,25.74234966305375
514,514,2,386.0625,450.0,25.237700972369307
515,515,2,386.0625,450.0,27.68590589850557
516,516,2,372.75,450.0,28.78726149622512
517,517,2,372.75,450.0,29.06514583492138
518,518,2,372.75,450.0,18.820775840793345
519,519,2,372.75,450.0,23.872914686413232
520,520,2,372.75,450.0,21.243866366822665
521,521,2,372.75,457.5,27.23238042059746
522,522,2,372.75,457.5,19.33393565041025
523,523,2,399.375,457.5,17.966605268794176
524,524,2,386.0625,457.5,26.4352999754196
525,525,2,399.375,457.5,18.74566029640489
526,526,2,399.375,457.5,26.600101471334348
527,527,2,386.0625,457.5,27.36938818124869
528,528,2,399.375,457.5,18.48289112453675
529,529,2,386.0625,457.5,21.30223723304299
530,530,2,386.0625,457.5,16.407971020162268
531,531,2,399.375,457.5,27.177678854913854
532,532,2,386.0625,457.5,29.08348588228768
533,533,2,386.0625,457.5,29.88928795393649
534,534,2,372.75,457.5,24.534406513956807
535,535,2,386.0625,457.5,29.40028879449328
536,536,2,386.0625,457.5,26.919350490982605
537,537,2,386.0625,457.5,26.70884754008584
538,538,2,386.0625,457.5,27.25237482619261
539,539,2,372.75,457.5,23.31399349656764
540,540,2,399.375,457.5,23.24924891633316
541,541,2,386.0625,457.5,21.22226101387898
542,542,2,386.0625,457.5,28.334148483415525
543,543,2,399.375,457.5,29.748524738992284
544,544,2,386.0625,457.5,30.13344253579613
545,545,2,372.75,457.5,27.65013316457032
546,546,2,386.0625,457.5,31.226903519286463
547,547,2,399.375,457.5,29.1503909372068
548,548,2,426.0,457.5,27.445681904437844
549,549,2,412.6875,457.5,32.17453072621413
550,550,2,399.375,457.5,31.091949592290582
551,551,2,386.0625,457.5,26.58240010140381
552,552,2,372.75,457.5,29.25408195292066
553,553,2,372.75,457.5,30.434086027747146
554,554,2,372.75,457.5,32.64812018370048
555,555,2,372.75,457.5,27.467789572950707
556,556,2,372.75,457.5,30.63078484784308
557,557,2,359.4375,450.0,29.65576633458952
558,558,2,372.75,457.5,16.95510900366647
559,559,2,359.4375,450.0,30.40077699739793
560,560,2,359.4375,450.0,6.293189773782677
561,561,2,332.8125,450.0,17.106621095821133
562,562,2,332.8125,450.0,28.46915725456125
563,563,2,346.125,442.5,26.13876096047064
564,564,2,359.4375,450.0,23.64106957658836
565,565,2,346.125,442.5,29.038784807322173
566,566,2,332.8125,450.0,23.82125697150062
567,567,2,346.125,442.5,30.40364179364136
568,568,2,359.4375,450.0,19.97344686038649
569,569,2,346.125,442.5,29.008458458112305
570,570,2,359.4375,450.0,28.297827553636488
571,571,2,359.4375,450.0,29.93814374121157
572,572,2,359.4375,442.5,29.60929017683809
573,573,2,386.0625,450.0,24.69343852109152
574,574,2,372.75,442.5,20.343219660776903
575,575,2,386.0625,450.0,28.21103607845248
576,576,2,359.4375,435.0,27.9967426275248
577,577,2,372.75,442.5,26.084791193756026
578,578,2,372.75,450.0,25.85931922292028
579,579,2,386.0625,450.0,16.767155706576055
580,580,2,372.75,450.0,25.928057020282257
581,581,2,372.75,450.0,22.850269127677656
582,582,2,399.375,457.5,26.21849664010001
583,583,2,332.8125,367.5,26.843373802407665
584,584,2,372.75,457.5,25.735241963688573
585,585,2,319.5,352.5,26.0079618031872
586,586,2,386.0625,450.0,16.900658409019478
587,587,2,346.125,345.0,26.816428827169965
588,588,2,346.125,330.0,25.729242962390423
589,589,2,346.125,315.0,16.978856904599017
590,590,2,346.125,315.0,17.33620458049343
591,591,2,346.125,330.0,26.896391630275165
592,592,2,346.125,330.0,27.950101290116216
593,593,2,346.125,315.0,23.23186423028564
594,594,2,332.8125,345.0,30.235319559983274
595,595,2,319.5,345.0,25.16335799091689
596,596,2,319.5,352.5,27.635558601059483
597,597,2,319.5,352.5,31.08503668568888
598,598,2,319.5,360.0,16.41336453498838
599,599,2,319.5,367.5,27.793597466022568
600,600,2,306.1875,360.0,31.106938109541293
601,601,2,319.5,352.5,15.8735656544249
602,602,2,292.875,360.0,26.22538187866169
603,603,2,292.875,352.5,30.34908322600252
604,604,2,292.875,352.5,32.38644716928684
605,605,2,372.75,457.5,30.46680419560101
606,606,2,359.4375,450.0,23.938861588160425
607,607,2,386.0625,450.0,31.12286481753558
608,608,2,399.375,457.5,27.29920204110855
609,609,2,399.375,457.5,19.819979208014367
610,610,2,386.0625,457.5,28.108942740724856
611,611,2,372.75,457.5,30.56716417910448
612,612,2,372.75,457.5,30.62094542799781
613,613,2,372.75,457.5,28.947595812082017
614,614,2,372.75,457.5,24.0833266344354
615,615,2,346.125,457.5,30.13625716708101
616,616,2,319.5,450.0,29.78084195428823
617,617,2,319.5,442.5,14.48434429767763
618,618,2,332.8125,450.0,27.11127486151241
619,619,2,332.8125,450.0,30.691526415922727
620,620,2,332.8125,450.0,19.71730239467474
621,621,2,332.8125,450.0,28.92304297456832
622,622,2,332.8125,450.0,31.490187245671727
623,623,2,332.8125,442.5,27.43975663210232
624,624,2,332.8125,442.5,29.709962812112625
625,625,2,332.8125,442.5,27.59192695313528
626,626,2,319.5,442.5,31.13695853902973
627,627,2,319.5,442.5,27.57143138866064
628,628,2,319.5,442.5,25.6306616802327
629,629,2,319.5,442.5,7.441036631232348
630,630,2,319.5,442.5,30.351499012236687
631,631,2,319.5,442.5,26.50847843261179
632,632,2,306.1875,435.0,29.826373876436456
633,633,2,306.1875,435.0,24.097024572127843
634,634,2,319.5,442.5,32.24750511278889
635,635,2,319.5,442.5,25.82588188932743
636,636,2,319.5,442.5,28.55074298705984
637,637,2,332.8125,450.0,29.773020244754253
638,638,2,359.4375,450.0,29.526955297430483
639,639,2,359.4375,450.0,31.229926137717417
640,640,2,346.125,457.5,30.836842724385367
641,641,2,332.8125,450.0,23.20487300208574
642,642,2,319.5,450.0,30.67132723948812
643,643,2,319.5,442.5,29.76879400408812
644,644,2,306.1875,435.0,25.9032373611986
645,645,2,319.5,442.5,29.65366967612395
646,646,2,319.5,442.5,22.569800416494022
647,647,2,319.5,442.5,24.37485979950603
648,648,2,346.125,442.5,26.599089329426835
649,649,2,359.4375,450.0,27.375283098913293
650,650,2,372.75,450.0,19.016008741108145
651,651,2,359.4375,450.0,27.863020068689256
652,652,2,359.4375,450.0,28.799318863765887
653,653,2,332.8125,442.5,29.600722673893404
654,654,2,306.1875,435.0,24.9619349156093
655,655,2,252.9375,412.5,29.015682829135333
656,656,2,292.875,435.0,31.535883188848203
657,657,2,239.625,217.5,27.26194004627824
658,658,3,-1.0,-1.0,28.277604735515013
659,659,3,-1.0,-1.0,23.67456326023764
660,660,3,239.625,210.0,19.73056604838672
661,661,3,-1.0,-1.0,25.817297689907114
662,662,3,-1.0,-1.0,27.310044862320208
663,663,3,-1.0,-1.0,25.706850372949088
664,664,3,-1.0,-1.0,24.82145118624208
665,665,3,-1.0,-1.0,22.19560776842885
666,666,3,239.625,210.0,26.321165226449786
667,667,3,-1.0,-1.0,22.3091783328369
668,668,3,-1.0,-1.0,27.962026666666667
669,669,3,-1.0,-1.0,29.335720680393912
670,670,3,-1.0,-1.0,30.189183353246865
671,671,3,-1.0,-1.0,30.00990240691452
672,672,3,-1.0,-1.0,19.477860284112808
673,673,3,-1.0,-1.0,28.702552521727227
674,674,3,-1.0,-1.0,25.92821730153432
675,675,3,-1.0,-1.0,21.661101155278285
676,676,3,-1.0,-1.0,24.55437105206156
677,677,3,-1.0,-1.0,29.32403011892361
678,678,3,-1.0,-1.0,24.00091556226968
679,679,3,-1.0,-1.0,27.592289980922303
680,680,3,-1.0,-1.0,25.26339121687959
681,681,3,-1.0,-1.0,24.06992051877995
682,682,3,239.625,217.5,30.44888892115369
683,683,1,239.625,217.5,22.542265027087453
684,684,1,239.625,217.5,25.66438025075109
685,685,1,-1.0,-1.0,21.70953566492927
686,686,3,-1.0,-1.0,23.652934973241525
687,687,3,-1.0,-1.0,28.45293463218734
688,688,3,-1.0,-1.0,32.2787748191473
689,689,3,-1.0,-1.0,33.233265720081135
690,690,3,-1.0,-1.0,32.57155282204206
691,691,3,239.625,217.5,19.89641710189889
692,692,1,332.8125,442.5,31.62481244392168
693,693,1,319.5,442.5,30.0643246769072
694,694,1,346.125,442.5,30.04106890895938
695,695,1,359.4375,442.5,30.21724001296783
696,696,1,359.4375,435.0,32.28995727318219
697,697,1,372.75,442.5,29.36406278441311
698,698,1,306.1875,397.5,7.505885805705778
699,699,1,372.75,450.0,18.44331093678545
700,700,1,372.75,450.0,29.82955571833951
701,701,1,319.5,292.5,29.90335229784261
702,702,1,332.8125,330.0,30.210492955717537
703,703,1,359.4375,450.0,29.326080420631648
704,704,1,346.125,315.0,18.829393992449035
705,705,1,346.125,307.5,7.231396537663811
706,706,1,306.1875,292.5,27.00392732516965
707,707,1,319.5,292.5,21.27015294738123
708,708,1,319.5,292.5,25.23739725862546
709,709,1,319.5,292.5,27.82143567837196
710,710,1,319.5,300.0,27.744693236315527
711,711,1,319.5,300.0,20.17287584528516
712,712,1,319.5,292.5,23.97142383594996
713,713,1,332.8125,300.0,25.58688172567776
714,714,1,332.8125,292.5,25.325169969447764
715,715,1,332.8125,292.5,12.415133880735738
716,716,1,359.4375,450.0,19.355795011421584
717,717,1,319.5,450.0,24.116976684012304
718,718,1,332.8125,450.0,31.839916192847543
719,719,1,372.75,457.5,24.67252160306825
720,720,1,319.5,450.0,21.531445233291752
721,721,1,332.8125,307.5,25.741085785126
722,722,1,332.8125,315.0,29.806026151222284
723,723,1,332.8125,322.5,25.022992757341097
724,724,1,332.8125,322.5,24.570337305074226
725,725,1,359.4375,450.0,29.808779946982025
726,726,1,332.8125,442.5,29.06716009341844
727,727,1,332.8125,330.0,30.22268338377288
728,728,1,332.8125,442.5,30.85884975610474
729,729,1,359.4375,450.0,28.9555894596591
730,730,1,332.8125,330.0,28.5624084931936
731,731,1,319.5,330.0,19.15146091220829
732,732,1,319.5,322.5,30.023435766386783
733,733,1,306.1875,307.5,31.037421283586287
734,734,1,239.625,210.0,30.167686808167844
735,735,1,239.625,210.0,30.60686816795341
736,736,1,239.625,210.0,31.05695583923229
737,737,1,239.625,210.0,31.32649189633281
738,738,1,239.625,210.0,31.999267594888423
739,739,1,-1.0,-1.0,30.504694647883227
740,740,3,-1.0,-1.0,27.9778807991195
741,741,3,252.9375,202.5,30.268703678311887
742,742,3,-1.0,-1.0,21.40857608068723
743,743,3,-1.0,-1.0,30.17745416870521
744,744,3,-1.0,-1.0,17.041703234194703
745,745,3,-1.0,-1.0,19.53874390914257
746,746,3,-1.0,-1.0,26.951351004016065
747,747,3,-1.0,-1.0,29.75190103279991
748,748,3,-1.0,-1.0,25.572997262412127
749,749,3,-1.0,-1.0,32.31110083968878
750,750,3,-1.0,-1.0,30.66841177803938
751,751,3,-1.0,-1.0,24.8168984083782
752,752,3,-1.0,-1.0,19.53410302863769
753,753,3,-1.0,-1.0,28.126661391344
754,754,3,-1.0,-1.0,24.02607505169757
755,755,3,-1.0,-1.0,29.7455711104492
756,756,3,-1.0,-1.0,31.84886175528118
757,757,3,-1.0,-1.0,28.58206697286468
758,758,3,-1.0,-1.0,22.861478421069844
759,759,3,239.625,210.0,26.92833754927516
760,760,1,239.625,210.0,20.47450147665422
761,761,1,239.625,210.0,26.44496705652407
762,762,1,239.625,210.0,20.50202365822661
763,763,1,-1.0,-1.0,30.562264095950106
764,764,3,-1.0,-1.0,26.22308639736913
765,765,3,-1.0,-1.0,33.21352834506624
766,766,3,-1.0,-1.0,28.107059091579217
767,767,3,239.625,210.0,22.24068467073552
768,768,3,-1.0,-1.0,30.56850083813133
769,769,3,-1.0,-1.0,29.598842666102115
770,770,3,-1.0,-1.0,26.35954222940064
771,771,3,239.625,210.0,7.995943220335752
772,772,1,239.625,217.5,29.989732442906377
773,773,1,239.625,210.0,29.23532240863753
774,774,1,239.625,210.0,28.735588714871
775,775,1,239.625,210.0,22.175306514118947
776,776,1,-1.0,-1.0,30.1449208699277
777,777,3,-1.0,-1.0,21.53310333497618
778,778,3,-1.0,-1.0,24.623708435093
779,779,3,-1.0,-1.0,23.819227776862835
780,780,3,-1.0,-1.0,23.53653116652825
781,781,3,-1.0,-1.0,28.90390870500028
782,782,3,239.625,210.0,31.42318584335996
783,783,3,-1.0,-1.0,30.74687348805841
784,784,3,-1.0,-1.0,22.968140449253617
785,785,3,-1.0,-1.0,26.827577825678155
786,786,3,-1.0,-1.0,30.445573589617027
787,787,3,-1.0,-1.0,30.892943160809907
788,788,3,-1.0,-1.0,30.31070192300744
789,789,3,-1.0,-1.0,31.294237025099232
790,790,3,-1.0,-1.0,29.00906035162464
791,791,3,-1.0,-1.0,24.297339883214384
792,792,3,-1.0,-1.0,26.90847035727804
793,793,3,-1.0,-1.0,30.25975037876055
794,794,3,-1.0,-1.0,30.652050629951184
795,795,3,-1.0,-1.0,25.66516545917368
796,796,3,-1.0,-1.0,26.45414064963734
797,797,3,-1.0,-1.0,29.16437670356567
798,798,3,-1.0,-1.0,26.557994047995948
799,799,3,-1.0,-1.0,30.38844250595915
800,800,3,-1.0,-1.0,31.86192646611972
801,801,3,-1.0,-1.0,26.472339861525743
802,802,3,-1.0,-1.0,30.62116898097449
803,803,3,-1.0,-1.0,28.42478211957332
804,804,3,-1.0,-1.0,20.664649948268217
805,805,3,-1.0,-1.0,28.644921597552315
806,806,3,-1.0,-1.0,24.83717845468757
807,807,3,-1.0,-1.0,23.196402993081403
808,808,3,-1.0,-1.0,28.391495353040323
809,809,3,-1.0,-1.0,24.344301211322705
810,810,3,-1.0,-1.0,27.24069311303354
811,811,3,-1.0,-1.0,28.063053659842097
812,812,3,-1.0,-1.0,19.472615427470465
813,813,3,-1.0,-1.0,26.41399071735804
814,814,3,-1.0,-1.0,26.30531775448896
815,815,3,-1.0,-1.0,23.540626245278464
816,816,3,-1.0,-1.0,22.443235144607648
817,817,3,-1.0,-1.0,27.519512899246777
818,818,3,-1.0,-1.0,22.77705733494076
819,819,3,-1.0,-1.0,29.3006769265161
820,820,3,-1.0,-1.0,31.3105898863823
821,821,3,-1.0,-1.0,20.42634095978338
822,822,3,-1.0,-1.0,30.158142611646785
823,823,3,-1.0,-1.0,27.523666406367912
824,824,3,239.625,210.0,30.76581823516468
825,825,2,239.625,217.5,28.702552521727227
826,826,2,292.875,382.5,29.9989557629725
827,827,2,306.1875,390.0,30.8019681280752
828,828,2,306.1875,397.5,25.45550767736845
829,829,2,306.1875,397.5,25.64711781287644
830,830,2,306.1875,397.5,28.93142218604716
831,831,2,332.8125,412.5,31.69555130695
832,832,2,306.1875,397.5,21.02608268456645
833,833,2,332.8125,412.5,30.91480250307725
834,834,2,332.8125,412.5,31.890270142864747
835,835,2,332.8125,412.5,30.545793521323706
836,836,2,332.8125,412.5,23.61511392875441
837,837,2,359.4375,435.0,29.74093087897439
838,838,2,346.125,427.5,31.12355765306501
839,839,2,346.125,427.5,30.235755478662053
840,840,2,359.4375,435.0,31.142969579518702
841,841,2,359.4375,435.0,31.395666005464275
842,842,2,359.4375,435.0,34.021202903840695
843,843,2,359.4375,435.0,32.52079117334636
844,844,2,359.4375,435.0,24.95747896559521
845,845,2,359.4375,435.0,27.916058224124274
846,846,2,359.4375,435.0,19.64140411343798
847,847,2,359.4375,435.0,22.723009578294977
848,848,2,346.125,435.0,26.09826273084773
849,849,2,332.8125,435.0,31.37851991501332
850,850,2,346.125,435.0,32.40120819782308
851,851,2,346.125,435.0,7.030474916567352
852,852,2,346.125,435.0,29.89397459837783
853,853,2,346.125,442.5,28.662147386835777
854,854,2,346.125,435.0,25.407089724019286
855,855,2,346.125,435.0,26.64826709870072
856,856,2,346.125,442.5,13.076347991457654
857,857,2,346.125,442.5,15.009945067725948
858,858,2,346.125,442.5,29.01186951830229
859,859,2,359.4375,442.5,20.64471417461583
860,860,2,359.4375,442.5,18.55985273554348
861,861,2,359.4375,442.5,20.88630388016891
862,862,2,359.4375,442.5,29.3420826191892
863,863,2,359.4375,442.5,28.54355400696864
864,864,2,372.75,450.0,28.615802364692
865,865,2,372.75,450.0,28.18885297023381
866,866,2,372.75,450.0,20.543295015403903
867,867,2,359.4375,450.0,23.40440823614753
868,868,2,359.4375,450.0,23.32423565001724
869,869,2,359.4375,450.0,5.394117571408362
870,870,2,372.75,450.0,23.29780592123535
871,871,2,372.75,450.0,29.865664096155623
872,872,2,359.4375,450.0,31.163563414815364
873,873,2,359.4375,450.0,22.787080650857035
874,874,2,359.4375,450.0,32.545268319935445
875,875,2,359.4375,450.0,26.631516121249064
876,876,2,359.4375,450.0,30.61424035619138
877,877,2,359.4375,450.0,17.188643367648023
878,878,2,359.4375,450.0,29.2675547244067
879,879,2,359.4375,450.0,22.75246955436817
880,880,2,359.4375,450.0,25.039574465544725
881,881,2,359.4375,450.0,25.114991257694427
882,882,2,359.4375,450.0,24.543163931068783
883,883,2,359.4375,450.0,30.397251835371023
884,884,2,346.125,442.5,29.000235082624627
885,885,2,359.4375,435.0,29.907830092483653
886,886,2,346.125,435.0,29.97794343627826
887,887,2,359.4375,435.0,23.21142224681793
888,888,2,359.4375,435.0,20.67137168316051
889,889,2,372.75,450.0,23.263949592882657
890,890,2,386.0625,457.5,30.85862271924661
891,891,2,386.0625,457.5,30.19483399084286
892,892,2,399.375,457.5,28.07582735353968
893,893,2,399.375,450.0,32.23511328353162
894,894,2,386.0625,450.0,26.1249221416648
895,895,2,319.5,315.0,28.511539062871748
896,896,2,306.1875,292.5,26.334220704204128
897,897,2,306.1875,300.0,22.881183581731293
898,898,2,306.1875,307.5,27.051299580780395
899,899,2,306.1875,307.5,20.090453175967927
900,900,2,319.5,315.0,26.86693057637368
901,901,2,306.1875,307.5,32.54577339106414
902,902,2,306.1875,307.5,28.8871869748478
903,903,2,306.1875,307.5,30.35040087990969
904,904,2,306.1875,307.5,18.50498989667252
905,905,2,306.1875,292.5,27.03368976029803
906,906,2,306.1875,292.5,24.596993918637587
907,907,2,306.1875,292.5,19.491075370252474
908,908,2,252.9375,217.5,32.588508604949304
909,909,1,239.625,217.5,28.09802108873615
910,910,1,226.3125,217.5,29.88055767299048
911,911,1,226.3125,217.5,30.40099734717249
912,912,1,226.3125,217.5,27.458259138996542
913,913,1,226.3125,210.0,30.42591746280458
914,914,1,306.1875,307.5,31.500829897333062
915,915,1,306.1875,307.5,32.05233153494628
916,916,1,306.1875,307.5,30.7766542903685
917,917,1,239.625,217.5,24.68050651979476
918,918,1,239.625,217.5,33.49708499049627
919,919,1,239.625,217.5,32.81234793901132
920,920,1,-1.0,-1.0,31.70968912543849
921,921,3,-1.0,-1.0,21.02840182694188
922,922,3,-1.0,-1.0,24.53598525841645
923,923,3,-1.0,-1.0,33.375007957221975
924,924,3,-1.0,-1.0,28.253223220660946
925,925,3,-1.0,-1.0,31.406244852115314
926,926,3,-1.0,-1.0,28.06004977387674
927,927,3,-1.0,-1.0,19.44111539602492
928,928,3,-1.0,-1.0,7.87578418835918
929,929,3,239.625,210.0,31.81335093028724
930,930,1,239.625,210.0,23.0271540412636
931,931,1,239.625,210.0,29.269597136058174
932,932,1,239.625,210.0,31.818177680339247
933,933,1,239.625,210.0,29.483368480247435
934,934,1,239.625,210.0,28.19794951090793
935,935,1,239.625,210.0,19.54438873459954
936,936,1,239.625,210.0,30.57786072553365
937,937,1,239.625,210.0,24.761810303094705
938,938,1,-1.0,-1.0,29.09660009295808
939,939,1,239.625,210.0,22.4857075461583
940,940,1,239.625,210.0,25.112585319123458
941,941,1,239.625,210.0,25.98137950258618
942,942,1,-1.0,-1.0,17.588540181491858
943,943,1,239.625,210.0,28.8147512039626
944,944,1,239.625,210.0,30.8547636037282
945,945,1,239.625,210.0,30.516457611827363
946,946,1,239.625,210.0,28.222615482959323
947,947,1,239.625,210.0,30.26782995244384
948,948,1,239.625,210.0,27.218242817928733
949,949,1,239.625,210.0,30.16877175820698
950,950,1,239.625,210.0,18.73971378658648
951,951,1,239.625,210.0,30.992241417529964
952,952,1,239.625,210.0,29.82086029150373
953,953,1,239.625,210.0,29.33018188429613
954,954,1,239.625,210.0,31.035354357509657
955,955,1,-1.0,-1.0,21.3564703785738
956,956,3,-1.0,-1.0,27.6483105034871
957,957,3,-1.0,-1.0,29.84250220565216
958,958,3,-1.0,-1.0,27.13670889351846
959,959,3,-1.0,-1.0,23.89481120251578
960,960,3,-1.0,-1.0,28.127227248036803
961,961,3,-1.0,-1.0,24.364523549503915
962,962,3,-1.0,-1.0,24.496720574235336
963,963,3,-1.0,-1.0,29.703230009843704
964,964,3,-1.0,-1.0,29.22839562093644
965,965,3,-1.0,-1.0,29.769005287625536
966,966,3,-1.0,-1.0,31.98487043787271
967,967,3,-1.0,-1.0,24.60853902523454
968,968,3,-1.0,-1.0,27.06858297139096
969,969,3,-1.0,-1.0,21.17950271667777
970,970,3,-1.0,-1.0,32.744209285441045
971,971,3,-1.0,-1.0,30.07682875233949
972,972,3,-1.0,-1.0,27.021498379729547
973,973,3,-1.0,-1.0,27.586845566956065
974,974,3,-1.0,-1.0,32.16071524417829
975,975,3,-1.0,-1.0,26.328104501315053
976,976,3,-1.0,-1.0,30.09301324455797
977,977,3,-1.0,-1.0,22.580857730449107
978,978,3,-1.0,-1.0,22.388009351680846
979,979,3,-1.0,-1.0,18.83319862779963
980,980,3,-1.0,-1.0,26.589646384602705
981,981,3,-1.0,-1.0,30.05161567672136
982,982,3,-1.0,-1.0,28.81831486227438
983,983,3,-1.0,-1.0,30.14925458962895
984,984,3,279.5625,367.5,30.253638973441625
985,985,1,279.5625,352.5,25.46833690576669
986,986,3,-1.0,-1.0,23.961153068336323
987,987,3,-1.0,-1.0,32.544510742634564
988,988,3,-1.0,-1.0,24.790349368465225
989,989,3,-1.0,-1.0,28.490042113843227
990,990,3,-1.0,-1.0,26.73131683938154
991,991,3,-1.0,-1.0,29.73882216140331
992,992,3,-1.0,-1.0,28.979396686334933
993,993,3,-1.0,-1.0,17.507269122404256
994,994,3,-1.0,-1.0,23.159003693908087
995,995,3,-1.0,-1.0,29.411627760208123
996,996,3,-1.0,-1.0,23.19781423182859
997,997,3,-1.0,-1.0,5.185534470672451
998,998,3,-1.0,-1.0,20.33661100444134
999,999,3,-1.0,-1.0,17.66640131077387
1000,1000,3,-1.0,-1.0,15.931628866292652
1001,1001,3,-1.0,-1.0,26.662835565670115
1002,1002,3,-1.0,-1.0,26.04057913427869
1003,1003,3,-1.0,-1.0,4.571772387144593
1004,1004,3,-1.0,-1.0,26.684208852102326
1005,1005,3,-1.0,-1.0,28.143458160273227
1006,1006,3,-1.0,-1.0,26.99836502439589
1007,1007,3,-1.0,-1.0,18.36859784270017
1008,1008,3,-1.0,-1.0,29.894400729843767
1009,1009,3,-1.0,-1.0,31.40389338125188
1010,1010,3,-1.0,-1.0,24.65135031884569
1011,1011,3,-1.0,-1.0,26.19982634659471
1012,1012,3,-1.0,-1.0,29.230228862933124
1013,1013,3,-1.0,-1.0,28.224514652939
1014,1014,3,-1.0,-1.0,30.384700086931325
1015,1015,3,-1.0,-1.0,23.916611545742764
1016,1016,3,-1.0,-1.0,30.12218926624677
1017,1017,3,-1.0,-1.0,28.72240445390984
1018,1018,3,-1.0,-1.0,28.16594813113609
1019,1019,3,-1.0,-1.0,29.232877285177626
1020,1020,3,-1.0,-1.0,31.60265220012056
1021,1021,3,-1.0,-1.0,13.520025529528189
1022,1022,3,-1.0,-1.0,9.70901456246629
1023,1023,2,-1.0,-1.0,30.881115585955044
1024,1024,2,306.1875,412.5,33.461008863253795
1025,1025,2,332.8125,442.5,21.978808807654826
1026,1026,2,346.125,442.5,28.63182038487006
1027,1027,2,332.8125,442.5,31.776474688243404
1028,1028,2,332.8125,442.5,25.73729489586785
1029,1029,2,332.8125,442.5,29.34495665740812
1030,1030,2,332.8125,442.5,29.66688357617768
1031,1031,2,332.8125,442.5,14.37641260124285
1032,1032,2,332.8125,442.5,22.71451858350528
1033,1033,2,319.5,442.5,21.473791994757374
1034,1034,2,319.5,442.5,29.982229275231784
1035,1035,2,332.8125,435.0,30.94719289313884
1036,1036,2,332.8125,435.0,29.373728036080703
1037,1037,2,346.125,435.0,28.521039031687742
1038,1038,2,346.125,435.0,30.47189509244797
1039,1039,2,346.125,435.0,30.637273378036845
1040,1040,2,359.4375,435.0,28.263123138502177
1041,1041,2,372.75,435.0,30.680525788353364
1042,1042,2,372.75,435.0,32.83032632262812
1043,1043,2,372.75,427.5,32.82852759775837
1044,1044,2,372.75,382.5,26.45964786111269
1045,1045,2,372.75,367.5,30.96089938067926
1046,1046,2,359.4375,352.5,28.924439172741003
1047,1047,2,399.375,450.0,30.17506600766912
1048,1048,2,386.0625,457.5,30.337668349559507
1049,1049,2,386.0625,457.5,26.640988833699616
1050,1050,2,346.125,315.0,29.69986475290852
1051,1051,2,399.375,457.5,28.29191034124559
1052,1052,2,399.375,457.5,30.13863918888817
1053,1053,2,346.125,300.0,32.89418001866535
1054,1054,2,346.125,300.0,33.26990774893114
1055,1055,2,346.125,300.0,32.12425994715276
1056,1056,2,399.375,450.0,32.476724378232724
1057,1057,2,386.0625,450.0,24.92855402281089
1058,1058,2,346.125,300.0,30.753636790239323
1059,1059,2,346.125,292.5,30.823019319943857
1060,1060,2,332.8125,292.5,20.309530842198537
1061,1061,2,332.8125,292.5,32.26983443097187
1062,1062,2,266.25,217.5,21.75344767674044
1063,1063,1,266.25,210.0,32.08027901854005
1064,1064,1,266.25,210.0,23.948156057119693
1065,1065,1,266.25,210.0,27.3633172844822
1066,1066,1,252.9375,210.0,23.179993920804662
1067,1067,1,252.9375,217.5,27.610998834813405
1068,1068,1,252.9375,210.0,32.447078117989264
1069,1069,1,239.625,210.0,28.50049603848715
1070,1070,1,252.9375,210.0,15.90070550949462
1071,1071,1,252.9375,210.0,30.55959198542805
1072,1072,1,252.9375,210.0,20.014429959344163
1073,1073,1,252.9375,210.0,28.20762102035052
1074,1074,1,252.9375,210.0,29.79543936918377
1075,1075,1,252.9375,217.5,21.55966773583354
1076,1076,1,252.9375,210.0,31.284200162600413
1077,1077,1,252.9375,210.0,31.383450432856705
1078,1078,1,252.9375,210.0,7.956400416571029
1079,1079,1,252.9375,202.5,30.55981464345824
1080,1080,1,-1.0,-1.0,33.56302413417835
1081,1081,3,-1.0,-1.0,26.326782452594514
1082,1082,3,-1.0,-1.0,31.05212736816388
1083,1083,3,239.625,210.0,19.952163944096128
1084,1084,1,239.625,210.0,22.38788985145212
1085,1085,1,239.625,210.0,27.58303575538764
1086,1086,1,239.625,210.0,32.586229936137485
1087,1087,1,239.625,210.0,31.996826486630813
1088,1088,1,239.625,210.0,29.62644006978732
1089,1089,1,239.625,210.0,22.43891269573777
1090,1090,1,239.625,210.0,21.982379731974863
1091,1091,1,239.625,210.0,30.89112294423945
1092,1092,1,239.625,210.0,27.43203966042721
1093,1093,1,252.9375,210.0,32.53946112848044
1094,1094,1,239.625,210.0,23.62096560734821
1095,1095,1,239.625,210.0,28.14591330022816
1096,1096,1,239.625,210.0,30.28728228531816
1097,1097,1,239.625,210.0,24.93418541747169
1098,1098,1,239.625,210.0,31.07375221330725
1099,1099,1,239.625,210.0,28.98099857662065
1100,1100,1,239.625,210.0,28.69371643577903
1101,1101,1,239.625,210.0,29.783802591869343
1102,1102,1,239.625,210.0,18.657935943060497
1103,1103,1,239.625,210.0,26.88690880652316
1104,1104,1,239.625,210.0,30.317493819843
1105,1105,1,306.1875,412.5,31.35459370561412
1106,1106,1,306.1875,435.0,23.891816762933345
1107,1107,1,319.5,442.5,29.90697707583158
1108,1108,1,306.1875,412.5,30.75701955723075
1109,1109,1,252.9375,217.5,26.917795647514104
1110,1110,1,239.625,217.5,23.027786165662867
1111,1111,1,239.625,210.0,31.17676703857046
1112,1112,1,239.625,210.0,29.561084250736503
1113,1113,1,239.625,217.5,30.99132542227608
1114,1114,1,239.625,217.5,27.02097613771066
1115,1115,1,239.625,217.5,30.05699953420044
1116,1116,1,239.625,210.0,29.46120940948394
1117,1117,1,239.625,217.5,16.54923375578037
1118,1118,1,252.9375,210.0,31.677597691947494
1119,1119,1,239.625,210.0,30.67267302404493
1120,1120,1,239.625,210.0,30.17723704753613
1121,1121,1,239.625,210.0,30.873387067093592
1122,1122,1,239.625,210.0,27.853028481874265
1123,1123,1,239.625,210.0,30.82958955662708
1124,1124,1,239.625,210.0,29.740298232303537
1125,1125,1,239.625,210.0,30.70141125490425
1126,1126,1,239.625,210.0,32.00097659230323
1127,1127,1,239.625,210.0,32.92387396580687
1128,1128,1,239.625,210.0,32.52860976252889
1129,1129,1,239.625,210.0,34.03445393834644
1130,1130,1,239.625,210.0,27.04554335420388
1131,1131,1,239.625,210.0,31.720960484023443
1132,1132,1,239.625,210.0,29.1635655680712
1133,1133,1,-1.0,-1.0,21.30656574636153
1134,1134,1,239.625,210.0,23.105039331908426
1135,1135,1,239.625,210.0,26.843373802407665
1136,1136,1,239.625,210.0,15.54660864601596
1137,1137,1,239.625,210.0,7.205086140404823
1138,1138,1,239.625,210.0,29.222082880472648
1139,1139,1,239.625,210.0,24.60348670780638
1140,1140,1,239.625,202.5,28.747405792929506
1141,1141,1,239.625,210.0,18.470275316622924
1142,1142,1,239.625,210.0,20.45532975366624
1143,1143,1,-1.0,-1.0,20.927363263513985
1144,1144,1,239.625,210.0,27.944142415520734
1145,1145,1,239.625,210.0,18.794715993619043
1146,1146,1,239.625,210.0,26.25723210987924
1147,1147,1,239.625,210.0,30.77959036904945
1148,1148,1,239.625,210.0,18.672970674787084
1149,1149,1,239.625,210.0,22.878312996710868
1150,1150,1,239.625,210.0,24.39484918631568
1151,1151,1,239.625,210.0,20.140328637145025
1152,1152,1,-1.0,-1.0,22.456933892306623
1153,1153,3,-1.0,-1.0,20.02465422497219
1154,1154,3,-1.0,-1.0,6.8722805338821145
1155,1155,3,-1.0,-1.0,29.721752563439367
1156,1156,3,-1.0,-1.0,28.628693509525142
1157,1157,3,-1.0,-1.0,25.11423935237023
1158,1158,3,-1.0,-1.0,30.42591746280458
1159,1159,3,-1.0,-1.0,32.62831004760868
1160,1160,3,-1.0,-1.0,22.25153982864267
1161,1161,3,-1.0,-1.0,20.63618204182042
1162,1162,3,-1.0,-1.0,26.34116686554041
1163,1163,3,-1.0,-1.0,30.37237863515236
1164,1164,3,-1.0,-1.0,22.38203590258064
1165,1165,3,-1.0,-1.0,30.94993321969613
1166,1166,3,-1.0,-1.0,31.065236712685905
1167,1167,3,-1.0,-1.0,30.314426134721018
1168,1168,3,-1.0,-1.0,25.29050619554404
1169,1169,3,-1.0,-1.0,32.713562587257144
1170,1170,3,-1.0,-1.0,27.160080036780656
1171,1171,3,-1.0,-1.0,25.517609768265302
1172,1172,3,-1.0,-1.0,23.29845299263992
1173,1173,3,-1.0,-1.0,31.285600268526466
1174,1174,3,239.625,210.0,21.90214201418262
1175,1175,1,239.625,210.0,32.28200451022497
1176,1176,3,-1.0,-1.0,30.981253046933865
1177,1177,3,-1.0,-1.0,31.78153107074932
1178,1178,3,-1.0,-1.0,19.59955140186916
1179,1179,3,-1.0,-1.0,29.16620192341124
1180,1180,3,-1.0,-1.0,30.609101789415305
1181,1181,3,-1.0,-1.0,30.068204139275807
1182,1182,3,-1.0,-1.0,23.369981167188563
1183,1183,3,-1.0,-1.0,23.966766663809604
1184,1184,3,-1.0,-1.0,22.86721186348272
1185,1185,3,-1.0,-1.0,26.58357945974724
1186,1186,3,-1.0,-1.0,32.3145859656692
1187,1187,1,-1.0,-1.0,27.29920204110855
1188,1188,1,239.625,210.0,30.936692801876426
1189,1189,1,239.625,210.0,31.74761191092541
1190,1190,1,239.625,210.0,26.985163739303868
1191,1191,1,239.625,210.0,21.99090856660497
1192,1192,1,-1.0,-1.0,31.663727503321656
1193,1193,1,292.875,397.5,30.91936042697176
1194,1194,1,306.1875,397.5,29.09740750761376
1195,1195,1,306.1875,397.5,30.15445669834788
1196,1196,1,292.875,390.0,30.668860274493458
1197,1197,1,292.875,367.5,29.38278212501839
1198,1198,1,332.8125,330.0,30.38800217351929
1199,1199,1,332.8125,322.5,27.08466411380676
1200,1200,1,332.8125,322.5,26.972148805504645
1201,1201,1,332.8125,322.5,28.869689711186368
1202,1202,1,332.8125,330.0,31.113399155830187
1203,1203,1,332.8125,322.5,31.78538463287283
1204,1204,1,332.8125,322.5,33.14921598381386
1205,1205,1,372.75,457.5,32.03543959611081
1206,1206,1,372.75,457.5,33.677286742034944
1207,1207,1,372.75,457.5,20.61153946327392
1208,1208,1,372.75,457.5,30.79495745258845
1209,1209,1,372.75,457.5,31.458302394827832
1210,1210,1,372.75,457.5,32.25420066287806
1211,1211,1,372.75,450.0,31.754101463429407
1212,1212,1,372.75,457.5,26.32265190596328
1213,1213,1,332.8125,352.5,32.45737279938093
1214,1214,1,332.8125,352.5,25.34843411939613
1215,1215,1,319.5,345.0,22.17366526218961
1216,1216,1,319.5,345.0,29.96980371701524
1217,1217,1,332.8125,450.0,10.581175752346788
1218,1218,1,319.5,330.0,25.96143823618616
1219,1219,1,332.8125,330.0,24.20898795987394
1220,1220,1,332.8125,330.0,30.69916414152504
1221,1221,1,332.8125,330.0,32.391699552850866
1222,1222,1,319.5,330.0,26.73625834252312
1223,1223,1,319.5,330.0,6.817745008159895
1224,1224,1,319.5,330.0,23.7702264638542
1225,1225,1,332.8125,330.0,27.446939109380622
1226,1226,1,332.8125,330.0,23.86911069251825
1227,1227,1,332.8125,330.0,28.149502352333204
1228,1228,1,319.5,330.0,31.68525541269433
1229,1229,1,319.5,330.0,32.91147345459111
1230,1230,1,319.5,330.0,20.063352355622737
1231,1231,1,332.8125,330.0,30.45574289490117
1232,1232,1,319.5,330.0,33.22484157160963
1233,1233,1,319.5,330.0,31.14019496477122
1234,1234,1,319.5,330.0,21.308730662737823
1235,1235,1,306.1875,322.5,21.94075275285748
1236,1236,1,239.625,217.5,28.69018352451896
1237,1237,1,239.625,210.0,25.938158610795032
1238,1238,1,239.625,210.0,22.78311976838297
1239,1239,1,239.625,210.0,29.77767049569057
1240,1240,1,-1.0,-1.0,19.944289375704347
1241,1241,1,239.625,210.0,29.71101508819154
1242,1242,1,239.625,210.0,27.949170048444383
1243,1243,1,-1.0,-1.0,26.974403827849663
1244,1244,1,239.625,210.0,18.83658181687535
1245,1245,3,-1.0,-1.0,25.035987369501765
1246,1246,3,-1.0,-1.0,30.505360233901115
1247,1247,3,-1.0,-1.0,29.7483137460725
1248,1248,3,-1.0,-1.0,28.59609746785388
1249,1249,3,-1.0,-1.0,30.50402909090909
1250,1250,3,-1.0,-1.0,31.057875718263137
1251,1251,3,-1.0,-1.0,29.86630208778376
1252,1252,3,-1.0,-1.0,26.18052894068299
1253,1253,3,-1.0,-1.0,30.74304227045173
1254,1254,3,-1.0,-1.0,28.4811429657898
1255,1255,3,-1.0,-1.0,25.84832312375975
1256,1256,3,-1.0,-1.0,28.14440239418096
1257,1257,3,-1.0,-1.0,31.45523540969837
1258,1258,3,-1.0,-1.0,29.887158146759965
1259,1259,3,-1.0,-1.0,30.23161475864753
1260,1260,3,-1.0,-1.0,31.19067768250876
1261,1261,3,-1.0,-1.0,31.35881332615587
1262,1262,3,-1.0,-1.0,20.533036994972367
1263,1263,3,-1.0,-1.0,29.327720868440373
1264,1264,3,-1.0,-1.0,33.35987719619181
1265,1265,3,-1.0,-1.0,27.93520886615516
1266,1266,3,-1.0,-1.0,24.789909807676395
1267,1267,3,-1.0,-1.0,31.813833539392743
1268,1268,3,-1.0,-1.0,30.562486792920275
1269,1269,3,-1.0,-1.0,21.62424792357305
1270,1270,3,-1.0,-1.0,27.997677042100275
1271,1271,3,-1.0,-1.0,30.759726306680257
1272,1272,3,-1.0,-1.0,31.924980971228496
1273,1273,3,-1.0,-1.0,31.801049343402177
1274,1274,3,-1.0,-1.0,22.645595659098884
1275,1275,3,-1.0,-1.0,28.941403770251995
1276,1276,3,-1.0,-1.0,30.3954895609134
1277,1277,3,-1.0,-1.0,31.07237100418565
1278,1278,3,-1.0,-1.0,31.452404877244028
1279,1279,3,-1.0,-1.0,26.65792116335533
1280,1280,3,-1.0,-1.0,30.778686900559904
1281,1281,3,-1.0,-1.0,12.868410556608923
1282,1282,3,-1.0,-1.0,32.499372375211145
1283,1283,3,-1.0,-1.0,33.617633150322604
1284,1284,3,-1.0,-1.0,33.436734693877554
1285,1285,3,-1.0,-1.0,17.56695607741633
1286,1286,1,-1.0,-1.0,29.678219152880573
1287,1287,1,239.625,210.0,28.82267164189361
1288,1288,1,226.3125,210.0,21.91747836628904
1289,1289,1,226.3125,210.0,31.47482721617301
1290,1290,1,239.625,210.0,28.028173155313205
1291,1291,1,-1.0,-1.0,32.56523055661234
1292,1292,3,-1.0,-1.0,7.7544634851143215
1293,1293,3,-1.0,-1.0,27.64375490189617
1294,1294,3,-1.0,-1.0,24.84070880318393
1295,1295,3,-1.0,-1.0,27.04345078822657
1296,1296,3,-1.0,-1.0,32.48653463352671
1297,1297,3,-1.0,-1.0,26.285370500350947
1298,1298,3,-1.0,-1.0,26.858500413029976
1299,1299,3,-1.0,-1.0,29.845262745935177
1300,1300,3,-1.0,-1.0,31.9432161760786
1301,1301,3,-1.0,-1.0,25.06860793841483
1302,1302,3,-1.0,-1.0,22.44599758110263
1303,1303,3,-1.0,-1.0,31.219930478536924
1304,1304,3,-1.0,-1.0,32.16638802398884
1305,1305,3,-1.0,-1.0,25.7338208947898
1306,1306,3,-1.0,-1.0,23.650400911213108
1307,1307,3,-1.0,-1.0,29.84844861941361
1308,1308,3,-1.0,-1.0,30.98949359419562
1309,1309,3,-1.0,-1.0,24.45529972188049
1310,1310,3,-1.0,-1.0,28.0856033212803
1311,1311,3,-1.0,-1.0,30.12500179559003
1312,1312,3,-1.0,-1.0,25.70322707161329
1313,1313,3,-1.0,-1.0,26.72075837113297
1314,1314,3,-1.0,-1.0,21.36691475758919
1315,1315,3,-1.0,-1.0,26.87467722609871
1316,1316,3,-1.0,-1.0,26.929547803866427
1317,1317,3,-1.0,-1.0,18.422491907252947
1318,1318,3,-1.0,-1.0,31.38885230198168
1319,1319,3,239.625,210.0,31.38133716406297
1320,1320,1,239.625,210.0,29.71164648961868
1321,1321,1,239.625,210.0,26.819515314278405
1322,1322,1,239.625,210.0,30.45109954333921
1323,1323,1,239.625,210.0,30.673794601393897
1324,1324,1,306.1875,412.5,29.150998735074577
1325,1325,1,306.1875,412.5,28.947196245557127
1326,1326,1,306.1875,412.5,29.5186431135196
1327,1327,1,306.1875,412.5,26.01005847808157
1328,1328,1,319.5,442.5,23.16437561786521
1329,1329,1,332.8125,442.5,29.29085512762317
1330,1330,1,332.8125,435.0,31.54560770156438
1331,1331,1,346.125,435.0,29.319520464157144
1332,1332,1,359.4375,442.5,23.995423236229666
1333,1333,1,359.4375,442.5,30.16877175820698
1334,1334,1,359.4375,450.0,29.944128334915863
1335,1335,1,386.0625,457.5,27.26194004627824
1336,1336,1,399.375,457.5,30.821207333651763
1337,1337,1,399.375,457.5,31.98852950373325
1338,1338,1,399.375,457.5,31.46396609279472
1339,1339,1,372.75,457.5,23.37623309888199
1340,1340,1,372.75,450.0,30.429449277044625
1341,1341,1,332.8125,450.0,19.45400995357164
1342,1342,1,319.5,450.0,18.96493504731847
1343,1343,1,319.5,300.0,28.425552679019205
1344,1344,1,332.8125,300.0,29.1081099837606
1345,1345,1,332.8125,307.5,17.35614766139344
1346,1346,1,332.8125,450.0,24.289741599972203
1347,1347,1,332.8125,450.0,31.279300778569937
1348,1348,1,319.5,330.0,32.64151413273565
1349,1349,1,306.1875,390.0,30.95450150923623
1350,1350,1,306.1875,390.0,20.6425804800504
1351,1351,1,319.5,330.0,32.02981290568919
1352,1352,1,319.5,330.0,20.17831060992389
1353,1353,1,306.1875,390.0,32.665664597627746
1354,1354,1,319.5,315.0,24.102009504490784
1355,1355,1,319.5,315.0,19.94305657255342
1356,1356,1,332.8125,307.5,32.99769489178579
1357,1357,1,319.5,315.0,25.54371776054957
1358,1358,1,319.5,315.0,31.323216632811565
1359,1359,1,319.5,315.0,21.823169177137803
1360,1360,1,319.5,315.0,33.410898778846075
1361,1361,1,292.875,435.0,32.513228374533924
1362,1362,1,292.875,435.0,32.90346975437936
1363,1363,1,292.875,435.0,33.18882391574416
1364,1364,1,292.875,435.0,33.02497559131996
1365,1365,1,319.5,450.0,30.956100729194343
1366,1366,1,319.5,450.0,20.28664293453026
1367,1367,1,319.5,450.0,33.4679508150938
1368,1368,1,319.5,450.0,27.06334324852724
1369,1369,1,319.5,450.0,30.800384793320458
1370,1370,1,319.5,450.0,31.305214918533224
1371,1371,1,319.5,450.0,31.66109832043782
1372,1372,1,319.5,450.0,30.91434678459554
1373,1373,1,306.1875,442.5,27.69230362931712
1374,1374,1,306.1875,442.5,20.02886162750164
1375,1375,1,319.5,450.0,30.5140154959805
1376,1376,1,306.1875,412.5,19.61339075702949
1377,1377,1,319.5,450.0,7.971491724047491
1378,1378,1,319.5,450.0,29.679059169839093
1379,1379,1,306.1875,412.5,31.347797816127176
1380,1380,1,319.5,450.0,30.95952818559608
1381,1381,1,319.5,450.0,30.829136346931275
1382,1382,1,306.1875,412.5,30.23967931248288
1383,1383,1,306.1875,412.5,27.042927697326853
1384,1384,1,306.1875,412.5,32.90372787749467
1385,1385,1,306.1875,412.5,25.040471400170745
1386,1386,1,306.1875,412.5,32.96709031887885
1387,1387,1,306.1875,397.5,30.10338046364745
1388,1388,1,306.1875,412.5,31.70633324766037
1389,1389,1,306.1875,412.5,28.840310248088453
1390,1390,1,306.1875,412.5,31.065696890692816
1391,1391,1,306.1875,412.5,25.833994431988963
1392,1392,1,306.1875,412.5,32.60041349935488
1393,1393,1,306.1875,412.5,27.68937858552784
1394,1394,1,306.1875,412.5,25.04525613695669
1395,1395,1,306.1875,412.5,33.34051922862911
1396,1396,1,306.1875,412.5,29.290446028897254
1397,1397,1,292.875,435.0,29.51261970602101
1398,1398,1,319.5,315.0,25.74029592444169
1399,1399,1,332.8125,330.0,24.91034351689077
1400,1400,1,346.125,322.5,30.87702353521448
1401,1401,1,346.125,307.5,31.035354357509657
1402,1402,1,346.125,307.5,25.6395923881482
1403,1403,1,346.125,315.0,30.998196706772696
1404,1404,1,346.125,307.5,24.723860273746507
1405,1405,1,332.8125,307.5,25.592033729735007
1406,1406,1,332.8125,307.5,25.23223524316
1407,1407,1,279.5625,210.0,32.412726134633665
1408,1408,3,-1.0,-1.0,30.82551114900122
1409,1409,3,-1.0,-1.0,27.2288446432397
1410,1410,3,-1.0,-1.0,32.681445234885736
1411,1411,3,266.25,202.5,27.259636694504923
1412,1412,1,252.9375,210.0,30.22747517260266
1413,1413,1,252.9375,210.0,30.49715336905861
1414,1414,1,252.9375,210.0,32.24254723798103
1415,1415,1,252.9375,210.0,20.337597098441577
1416,1416,1,252.9375,210.0,24.8396790145391
1417,1417,1,252.9375,210.0,24.91137917312569
1418,1418,1,252.9375,210.0,24.508744558389576
1419,1419,1,252.9375,210.0,27.00723102580117
1420,1420,1,252.9375,210.0,30.14687088960605
1421,1421,1,252.9375,210.0,26.246223546049585
1422,1422,1,266.25,210.0,20.699936828806063
1423,1423,1,266.25,210.0,23.88936732508601
1424,1424,1,266.25,210.0,29.849298300549403
1425,1425,1,252.9375,210.0,32.05600605305595
1426,1426,1,266.25,210.0,29.237360323999525
1427,1427,1,252.9375,210.0,24.036814808447232
1428,1428,1,266.25,210.0,29.5888199897004
1429,1429,1,-1.0,-1.0,27.386544086920185
1430,1430,3,-1.0,-1.0,33.31271494039251
1431,1431,1,252.9375,210.0,32.20640088457522
1432,1432,1,239.625,210.0,34.330858700367514
1433,1433,1,239.625,210.0,25.05273594992205
1434,1434,1,239.625,210.0,29.69439783644486
1435,1435,1,239.625,210.0,29.40853444770092
1436,1436,1,226.3125,217.5,29.27879151716532
1437,1437,1,226.3125,210.0,32.02589985186995
1438,1438,1,226.3125,210.0,28.77442458752101
1439,1439,1,226.3125,210.0,29.38278212501839
1440,1440,3,226.3125,210.0,29.34249316160988
1441,1441,3,-1.0,-1.0,16.951614206961217
1442,1442,3,-1.0,-1.0,21.45819178979249
1443,1443,3,-1.0,-1.0,28.8768451200705
1444,1444,3,-1.0,-1.0,26.72569597104608
1445,1445,3,-1.0,-1.0,31.357172227663185
1446,1446,3,-1.0,-1.0,30.535341695848107
1447,1447,3,-1.0,-1.0,22.689329106665657
1448,1448,3,-1.0,-1.0,30.10683779088965
1449,1449,3,-1.0,-1.0,31.032828488350585
1450,1450,3,-1.0,-1.0,24.7707308430533
1451,1451,3,-1.0,-1.0,26.626782290727643
1452,1452,3,-1.0,-1.0,32.63491075457898
1453,1453,3,346.125,352.5,6.947432584641887
1454,1454,1,346.125,352.5,34.03003578006215
1455,1455,1,346.125,352.5,32.690615184368255
1456,1456,1,332.8125,352.5,29.1044742977684
1457,1457,1,332.8125,352.5,27.650315443895813
1458,1458,1,332.8125,352.5,20.530323351183075
1459,1459,1,239.625,210.0,31.23271676644923
1460,1460,1,-1.0,-1.0,22.90717640633533
1461,1461,3,-1.0,-1.0,15.352897036161249
1462,1462,1,252.9375,210.0,32.25519283269889
1463,1463,1,252.9375,210.0,26.541356333331223
1464,1464,1,252.9375,210.0,30.325385004699587
1465,1465,1,-1.0,-1.0,33.37872638431298
1466,1466,1,252.9375,202.5,24.524508112849
1467,1467,3,-1.0,-1.0,30.206576692065045
1468,1468,3,-1.0,-1.0,29.393489610708155
1469,1469,3,-1.0,-1.0,30.331086749009284
1470,1470,3,-1.0,-1.0,30.72975309546487
1471,1471,3,-1.0,-1.0,25.88309636650869
1472,1472,3,-1.0,-1.0,23.28474277053921
1473,1473,3,252.9375,202.5,29.547131797144125
1474,1474,3,-1.0,-1.0,29.94690770966314
1475,1475,3,-1.0,-1.0,29.155456694008063
1476,1476,3,-1.0,-1.0,25.028069505442048
1477,1477,3,-1.0,-1.0,30.178539821417008
1478,1478,3,-1.0,-1.0,27.8024406572938
1479,1479,3,-1.0,-1.0,32.013922069991985
1480,1480,3,-1.0,-1.0,28.198897404867555
1481,1481,3,-1.0,-1.0,29.1081099837606
1482,1482,3,-1.0,-1.0,22.53511924909872
1483,1483,3,-1.0,-1.0,27.10128970561629
1484,1484,3,-1.0,-1.0,21.52603054688783
1485,1485,3,-1.0,-1.0,28.65685999877018
1486,1486,3,-1.0,-1.0,31.033976559725343
1487,1487,3,-1.0,-1.0,27.737720963144703
1488,1488,3,239.625,210.0,24.83364910951117
1489,1489,1,239.625,210.0,28.509213504530283
1490,1490,1,239.625,210.0,18.75119142353877
1491,1491,1,239.625,210.0,30.828456557371023
1492,1492,1,239.625,210.0,31.82300589525117
1493,1493,1,239.625,210.0,27.122670425886888
1494,1494,1,239.625,210.0,31.287000499779943
1495,1495,1,-1.0,-1.0,32.53088037973211
1496,1496,3,-1.0,-1.0,19.069005337479656
1497,1497,3,-1.0,-1.0,30.872023612368523
1498,1498,3,-1.0,-1.0,23.801520826239926
1499,1499,3,-1.0,-1.0,34.27951224296316
1500,1500,3,-1.0,-1.0,32.65472890909657
1501,1501,3,-1.0,-1.0,34.269989378217176
1502,1502,3,-1.0,-1.0,21.5498091279485
1503,1503,3,-1.0,-1.0,21.17201902012054
1504,1504,3,-1.0,-1.0,31.53730591375616
1505,1505,3,-1.0,-1.0,30.216151574094084
1506,1506,3,-1.0,-1.0,28.446759447654703
1507,1507,3,-1.0,-1.0,24.932555015277067
1508,1508,3,-1.0,-1.0,25.14450146275957
1509,1509,3,-1.0,-1.0,20.161530511692742
1510,1510,3,-1.0,-1.0,31.72935925561692
1511,1511,3,-1.0,-1.0,29.917003095621904
1512,1512,3,239.625,217.5,29.01528138078932
1513,1513,1,239.625,210.0,19.25140680222151
1514,1514,1,239.625,210.0,26.529940479579
1515,1515,1,239.625,210.0,26.550260799108724
1516,1516,1,-1.0,-1.0,17.961296511204655
1517,1517,3,-1.0,-1.0,21.583631797785188
1518,1518,3,-1.0,-1.0,27.69193796504757
1519,1519,3,-1.0,-1.0,28.97619343696028
1520,1520,3,-1.0,-1.0,23.467263470038606
1521,1521,3,-1.0,-1.0,22.51068831343084
1522,1522,3,-1.0,-1.0,7.593259614897207
1523,1523,3,-1.0,-1.0,31.91210730942762
1524,1524,3,-1.0,-1.0,32.445070161053266
1525,1525,3,-1.0,-1.0,26.25410934037732
1526,1526,3,-1.0,-1.0,21.734059476741475
1527,1527,3,226.3125,217.5,16.649811641320614
1528,1528,1,239.625,217.5,28.684689613666983
1529,1529,1,239.625,217.5,20.078719727324515
1530,1530,1,-1.0,-1.0,15.454325718496683
1531,1531,3,-1.0,-1.0,30.265209077461485
1532,1532,3,-1.0,-1.0,26.395373278037543
1533,1533,3,-1.0,-1.0,27.71041608858234
1534,1534,3,-1.0,-1.0,33.09167797519488
1535,1535,3,-1.0,-1.0,33.652697877803185
1536,1536,3,-1.0,-1.0,31.797191982290688
1537,1537,3,-1.0,-1.0,32.74344241818636
1538,1538,3,-1.0,-1.0,33.32065428950484
1539,1539,3,-1.0,-1.0,34.083406468389406
1540,1540,3,-1.0,-1.0,31.716642846880365
1541,1541,3,-1.0,-1.0,34.275590422489174
1542,1542,3,-1.0,-1.0,34.409437708172675
1543,1543,3,-1.0,-1.0,34.12333626216278
1544,1544,3,-1.0,-1.0,31.51953107387089
1545,1545,3,-1.0,-1.0,33.87666685512596
1546,1546,3,-1.0,-1.0,34.37841382249762
1547,1547,3,-1.0,-1.0,31.788757266395336
1548,1548,3,-1.0,-1.0,33.74936835159883
1549,1549,3,-1.0,-1.0,32.784904716494445
1550,1550,3,-1.0,-1.0,30.726601418273457
1551,1551,3,-1.0,-1.0,29.07763873964436
1552,1552,3,-1.0,-1.0,32.6214582928252
1553,1553,3,239.625,210.0,33.12120661744383
1554,1554,3,-1.0,-1.0,31.920850552143506
1555,1555,3,-1.0,-1.0,18.85351601129151
1556,1556,3,-1.0,-1.0,33.27571461438987
1557,1557,3,-1.0,-1.0,21.00702186695516
1558,1558,3,-1.0,-1.0,28.97399161376337
1559,1559,3,-1.0,-1.0,31.80442530217322
1560,1560,3,-1.0,-1.0,19.67789517143018
1561,1561,3,-1.0,-1.0,18.991641385555805
1562,1562,3,-1.0,-1.0,20.38048590864917
1563,1563,3,-1.0,-1.0,31.996826486630813
1564,1564,3,-1.0,-1.0,29.009662270114745
1565,1565,3,-1.0,-1.0,24.13960127077674
1566,1566,3,-1.0,-1.0,21.43538165910299
1567,1567,3,-1.0,-1.0,30.403862184947048
1568,1568,3,-1.0,-1.0,31.08204204738297
1569,1569,3,-1.0,-1.0,24.498723752226866
1570,1570,3,-1.0,-1.0,17.916719350704827
1571,1571,3,-1.0,-1.0,25.33480716378243
1572,1572,3,-1.0,-1.0,28.919453369554724
1573,1573,3,-1.0,-1.0,20.41242371446092
1574,1574,3,-1.0,-1.0,29.123672899727115
1575,1575,3,-1.0,-1.0,15.796446245508848
1576,1576,3,-1.0,-1.0,26.04850359274372
1577,1577,3,226.3125,217.5,28.13439673734413
1578,1578,1,226.3125,217.5,29.69544901022344
1579,1579,1,226.3125,217.5,25.739664070794287
1580,1580,1,252.9375,352.5,30.922095826483144
1581,1581,1,252.9375,352.5,30.77552517848364
1582,1582,1,266.25,382.5,29.57087965933206
1583,1583,1,252.9375,382.5,29.3275158024277
1584,1584,1,279.5625,397.5,26.094041234804465
1585,1585,1,279.5625,397.5,23.364643623095564
1586,1586,1,279.5625,397.5,28.55560245639357
1587,1587,1,279.5625,397.5,25.671763107319045
1588,1588,1,252.9375,382.5,26.51300269282797
1589,1589,1,292.875,412.5,19.37949452478861
1590,1590,1,279.5625,412.5,26.524236234514422
1591,1591,1,252.9375,412.5,26.637266607392352
1592,1592,1,252.9375,412.5,27.667825455984698
1593,1593,1,252.9375,412.5,12.352173400871717
1594,1594,1,239.625,397.5,21.109682874413032
1595,1595,1,252.9375,412.5,23.98211477875044
1596,1596,1,279.5625,412.5,25.114991257694427
1597,1597,1,319.5,442.5,25.494654047909943
1598,1598,1,292.875,427.5,26.29624706900227
1599,1599,1,306.1875,435.0,27.52041572893633
1600,1600,1,306.1875,435.0,27.969298684324592
1601,1601,1,319.5,435.0,15.73198304639736
1602,1602,1,319.5,442.5,29.358513281769504
1603,1603,1,332.8125,442.5,26.03395216902842
1604,1604,1,332.8125,450.0,26.207684280903017
1605,1605,2,359.4375,450.0,25.34690226981556
1606,1606,2,332.8125,450.0,29.849935593147965
1607,1607,2,332.8125,450.0,7.80305141566562
1608,1608,2,332.8125,442.5,27.0657882000684
1609,1609,2,332.8125,442.5,31.292135753560583
1610,1610,2,359.4375,450.0,31.456414948588915
1611,1611,2,359.4375,450.0,27.94507332218454
1612,1612,2,346.125,442.5,30.59816015815928
1613,1613,2,359.4375,450.0,29.26694205649213
1614,1614,2,359.4375,450.0,30.632127076866897
1615,1615,2,359.4375,450.0,29.95589075534225
1616,1616,2,346.125,442.5,28.95419025265774
1617,1617,2,359.4375,442.5,30.689505301129007
1618,1618,2,346.125,442.5,21.891510738797987
1619,1619,2,332.8125,442.5,24.65135031884569
1620,1620,2,372.75,450.0,31.731279599340304
1621,1621,2,359.4375,450.0,27.03438674289545
1622,1622,2,386.0625,450.0,32.397454118519434
1623,1623,2,399.375,457.5,31.29190229636372
1624,1624,2,399.375,457.5,25.25867488889157
1625,1625,2,359.4375,450.0,25.65402000061164
1626,1626,2,359.4375,450.0,30.40187877821429
1627,1627,2,359.4375,450.0,32.517513528600006
1628,1628,2,359.4375,450.0,27.340129846426617
1629,1629,2,386.0625,450.0,30.557810837983943
1630,1630,2,386.0625,450.0,31.01011415390075
1631,1631,2,346.125,435.0,26.37197253590201
1632,1632,2,386.0625,450.0,30.86407252604933
1633,1633,2,386.0625,450.0,22.510205067380817
1634,1634,2,372.75,450.0,5.764447180930601
1635,1635,2,372.75,450.0,25.84561537560928
1636,1636,2,386.0625,450.0,31.27906751284556
1637,1637,2,372.75,450.0,31.06454647123738
1638,1638,2,386.0625,450.0,30.4803098679573
1639,1639,2,372.75,450.0,18.82288740295292
1640,1640,2,359.4375,450.0,27.4847088889617
1641,1641,2,372.75,450.0,25.34644275104393
1642,1642,2,372.75,450.0,21.93386847953981
1643,1643,2,372.75,450.0,30.13625716708101
1644,1644,2,359.4375,450.0,27.89674827570153
1645,1645,2,359.4375,450.0,19.614674866135104
1646,1646,2,372.75,450.0,28.156494186514863
1647,1647,2,359.4375,450.0,29.66856237444473
1648,1648,2,306.1875,412.5,29.880344803020588
1649,1649,2,306.1875,412.5,25.40662802037713
1650,1650,2,279.5625,390.0,26.796897560726286
1651,1651,2,252.9375,262.5,18.279338958231644
1652,1652,2,266.25,277.5,20.09054940843991
1653,1653,2,252.9375,262.5,21.991715690900893
1654,1654,2,226.3125,217.5,12.97738558977231
1655,1655,1,252.9375,262.5,29.986301957476016
1656,1656,1,239.625,247.5,17.779933107532397
1657,1657,1,266.25,277.5,27.814424785803336
1658,1658,1,252.9375,262.5,30.292313358996395
1659,1659,1,266.25,397.5,25.756735014707417
1660,1660,1,266.25,277.5,32.64913673656843
1661,1661,1,226.3125,217.5,30.918676652709795
1662,1662,1,226.3125,217.5,30.928024186115103
1663,1663,1,-1.0,-1.0,21.34744856930547
1664,1664,1,239.625,217.5,27.45250811603309
1665,1665,1,239.625,217.5,20.800230105084623
1666,1666,1,-1.0,-1.0,31.01768190322652
1667,1667,3,-1.0,-1.0,30.460830095500928
1668,1668,3,-1.0,-1.0,25.473595986711448
1669,1669,3,-1.0,-1.0,19.17273408787552
1670,1670,3,226.3125,217.5,25.68937343051387
1671,1671,1,252.9375,360.0,19.072213607861148
1672,1672,1,266.25,375.0,25.89747959347485
1673,1673,1,266.25,382.5,23.52992920214974
1674,1674,1,252.9375,382.5,30.494270924213343
1675,1675,1,-1.0,-1.0,28.53306847712214
1676,1676,3,-1.0,-1.0,29.18791927627001
1677,1677,3,-1.0,-1.0,22.749137613086585
1678,1678,3,-1.0,-1.0,25.9649739688121
1679,1679,3,-1.0,-1.0,22.729412784774457
1680,1680,3,-1.0,-1.0,22.522413385742208
1681,1681,3,-1.0,-1.0,22.03180039395929
1682,1682,3,-1.0,-1.0,20.88786410426243
1683,1683,3,-1.0,-1.0,6.395033154486643
1684,1684,3,-1.0,-1.0,14.855454928614687
1685,1685,3,-1.0,-1.0,28.22926369632521
1686,1686,3,-1.0,-1.0,12.579301740400505
1687,1687,3,-1.0,-1.0,18.625043850495345
1688,1688,3,-1.0,-1.0,17.836489434538365
1689,1689,3,-1.0,-1.0,18.01971112123113
1690,1690,3,-1.0,-1.0,19.65401322355874
1691,1691,3,-1.0,-1.0,26.15734429276141
1692,1692,3,-1.0,-1.0,27.445322724179448
1693,1693,3,-1.0,-1.0,22.30490736210674
1694,1694,3,-1.0,-1.0,19.12160073672549
1695,1695,3,-1.0,-1.0,30.6120059847462
1696,1696,3,-1.0,-1.0,25.04391024492769
1697,1697,3,-1.0,-1.0,22.67620360608764
1698,1698,3,-1.0,-1.0,30.97095852378034
1699,1699,3,-1.0,-1.0,27.21947927212315
1700,1700,3,239.625,217.5,27.99151105831476
1701,1701,1,239.625,210.0,20.809311417500584
1702,1702,3,-1.0,-1.0,26.789880112159324
1703,1703,3,-1.0,-1.0,4.566903996350226
1704,1704,3,-1.0,-1.0,23.43946083088375
1705,1705,3,-1.0,-1.0,22.66799256344849
1706,1706,3,-1.0,-1.0,19.71980535508592
1707,1707,3,-1.0,-1.0,19.14394343954394
1708,1708,3,-1.0,-1.0,23.32644083444099
1709,1709,3,-1.0,-1.0,17.296954900861074
1710,1710,3,-1.0,-1.0,23.866801716191148
1711,1711,3,-1.0,-1.0,27.26991619367129
1712,1712,3,-1.0,-1.0,13.429379200379095
1713,1713,3,-1.0,-1.0,25.95517271253357
1714,1714,3,-1.0,-1.0,25.267957082527577
1715,1715,3,-1.0,-1.0,25.97993112162732
1716,1716,3,-1.0,-1.0,19.983819710794005
1717,1717,3,-1.0,-1.0,28.37248190489075
1718,1718,3,-1.0,-1.0,29.13803787531436
1719,1719,3,-1.0,-1.0,21.256678339930165
1720,1720,3,-1.0,-1.0,21.63406318504191
1721,1721,3,-1.0,-1.0,25.35578957549964
1722,1722,3,-1.0,-1.0,30.75025476726369
1723,1723,3,-1.0,-1.0,21.635848735421103
1724,1724,3,-1.0,-1.0,11.089793317522137
1725,1725,3,-1.0,-1.0,22.07237995000657
1726,1726,3,-1.0,-1.0,26.47551476436353
1727,1727,3,-1.0,-1.0,26.919177721726964
1728,1728,3,-1.0,-1.0,17.06326456720462
1729,1729,3,-1.0,-1.0,19.3066141304598
1730,1730,3,-1.0,-1.0,18.928304202825952
1731,1731,3,-1.0,-1.0,22.21818220343472
1732,1732,3,-1.0,-1.0,24.3750014528633
1733,1733,3,-1.0,-1.0,20.50974313335257
1734,1734,3,-1.0,-1.0,29.328131009069107
1735,1735,3,-1.0,-1.0,31.775030303030302
1736,1736,3,-1.0,-1.0,29.88289944285328
1737,1737,3,-1.0,-1.0,31.00942635979861
1738,1738,3,-1.0,-1.0,30.372598573445817
1739,1739,3,-1.0,-1.0,31.901912911199847
1740,1740,3,-1.0,-1.0,28.89634171546676
1741,1741,3,-1.0,-1.0,25.15113573672975
1742,1742,3,-1.0,-1.0,27.146895873246
1743,1743,3,-1.0,-1.0,29.27981347164728
1744,1744,1,-1.0,-1.0,18.722816164556
1745,1745,1,292.875,412.5,24.13112943220588
1746,1746,1,332.8125,450.0,23.29094917343669
1747,1747,1,306.1875,412.5,23.398663349213965
1748,1748,1,252.9375,210.0,23.88569410987534
1749,1749,1,239.625,210.0,19.050124448158712
1750,1750,1,239.625,210.0,26.086738025786307
1751,1751,1,239.625,210.0,18.35774435826957
1752,1752,1,-1.0,-1.0,6.562356644647702
1753,1753,3,-1.0,-1.0,9.77980479115078
1754,1754,3,-1.0,-1.0,31.649630630154764
1755,1755,3,-1.0,-1.0,23.43710326329906
1756,1756,3,-1.0,-1.0,24.77555938851216
1757,1757,3,-1.0,-1.0,28.278557992462293
1758,1758,3,-1.0,-1.0,25.31340112857962
1759,1759,3,-1.0,-1.0,27.968366162996947
1760,1760,3,-1.0,-1.0,22.185745871549926
1761,1761,3,-1.0,-1.0,28.79991210964322
1762,1762,3,279.5625,210.0,24.57854426337101
1763,1763,1,266.25,210.0,26.65114564932837
1764,1764,1,266.25,210.0,29.59048996437264
1765,1765,1,266.25,210.0,28.494687355634664
1766,1766,1,-1.0,-1.0,26.75280010205384
1767,1767,3,-1.0,-1.0,29.178781870673763
1768,1768,1,252.9375,210.0,27.070329996579343
1769,1769,3,252.9375,210.0,17.826558542017306
1770,1770,3,-1.0,-1.0,18.860807079709687
1771,1771,3,-1.0,-1.0,28.217868675995696
1772,1772,3,-1.0,-1.0,29.170461658297747
1773,1773,3,-1.0,-1.0,16.611499679200296
1774,1774,3,-1.0,-1.0,23.859334558258865
1775,1775,3,252.9375,217.5,19.10627035645143
1776,1776,1,332.8125,307.5,23.756628321240647
1777,1777,1,306.1875,307.5,27.10899689762151
1778,1778,1,239.625,210.0,28.05929890286325
1779,1779,1,239.625,210.0,26.78081422076927
1780,1780,1,239.625,202.5,20.373754055997047
1781,1781,1,239.625,210.0,24.072683444772863
1782,1782,1,239.625,202.5,25.265826139861574
1783,1783,1,-1.0,-1.0,21.23848779153965
1784,1784,3,-1.0,-1.0,25.42202719002104
1785,1785,3,-1.0,-1.0,23.30259510092059
1786,1786,3,-1.0,-1.0,14.751950253585724
1787,1787,3,-1.0,-1.0,13.380283217798253
1788,1788,3,-1.0,-1.0,7.5935895486179
1789,1789,3,-1.0,-1.0,27.32445602605863
1790,1790,3,-1.0,-1.0,31.30264493402592
1791,1791,3,-1.0,-1.0,4.969495622089785
1792,1792,3,-1.0,-1.0,14.293614686527691
1793,1793,3,-1.0,-1.0,17.249578456451466
1794,1794,3,-1.0,-1.0,23.28939726255588
1795,1795,3,-1.0,-1.0,18.32221877607364
1796,1796,3,-1.0,-1.0,18.79589513779969
1797,1797,3,-1.0,-1.0,12.909046141724527
1798,1798,3,-1.0,-1.0,30.042790324544622
1799,1799,3,-1.0,-1.0,30.840243821736603
1800,1800,3,239.625,210.0,24.286787995298177
1801,1801,1,239.625,210.0,26.69660747247152
1802,1802,1,239.625,202.5,23.544458415663733
1803,1803,1,239.625,210.0,20.55044145459534
1804,1804,1,239.625,202.5,27.507420693997208
1805,1805,1,239.625,202.5,22.270443624392705
1806,1806,1,239.625,202.5,25.770819764798407
1807,1807,1,239.625,210.0,20.9953497219344
1808,1808,1,239.625,210.0,26.6132663291075
1809,1809,1,239.625,210.0,24.06356819524845
1810,1810,1,239.625,210.0,19.26272377400777
1811,1811,1,239.625,210.0,30.13171071631261
1812,1812,1,-1.0,-1.0,31.51100626568299
1813,1813,3,-1.0,-1.0,20.5806926466403
1814,1814,1,239.625,210.0,21.01891765932177
1815,1815,1,306.1875,412.5,22.76963833968492
1816,1816,2,319.5,442.5,19.05410537601192
1817,1817,2,332.8125,442.5,26.924880278344823
1818,1818,2,319.5,442.5,25.57705183947508
1819,1819,2,346.125,442.5,21.562549481281938
1820,1820,2,346.125,442.5,21.89413901822813
1821,1821,2,359.4375,450.0,25.123716650893105
1822,1822,2,359.4375,450.0,25.70007720493621
1823,1823,2,332.8125,442.5,25.23344964504873
1824,1824,2,346.125,442.5,20.78137046028836
1825,1825,2,346.125,442.5,24.45686830167116
1826,1826,2,332.8125,442.5,5.086508026980551
1827,1827,2,332.8125,442.5,24.852042116240348
1828,1828,2,332.8125,442.5,24.002563750400583
1829,1829,2,319.5,442.5,13.793876410037162
1830,1830,2,319.5,442.5,25.1855694864774
1831,1831,2,319.5,442.5,26.447968622900994
1832,1832,2,319.5,442.5,15.533251117505676
1833,1833,2,319.5,442.5,26.187884766673744
1834,1834,2,319.5,442.5,21.294234118059187
1835,1835,2,319.5,442.5,20.13133858418888
1836,1836,2,319.5,442.5,22.360200235634053
1837,1837,2,319.5,442.5,6.047569612660622
1838,1838,2,319.5,442.5,12.922767872272903
1839,1839,2,319.5,442.5,29.168230213425872
1840,1840,2,319.5,442.5,30.652498647996843
1841,1841,2,319.5,442.5,26.369817109589643
1842,1842,2,319.5,442.5,28.72988060907864
1843,1843,2,319.5,435.0,29.123672899727115
1844,1844,2,319.5,435.0,32.73858642625766
1845,1845,2,319.5,435.0,27.389584353674863
1846,1846,2,319.5,442.5,30.148387746007103
1847,1847,2,319.5,435.0,25.98878486142178
1848,1848,2,319.5,442.5,28.95419025265774
1849,1849,2,332.8125,435.0,30.5593693306424
1850,1850,2,332.8125,435.0,30.87066027806605
1851,1851,2,332.8125,435.0,26.97423035120552
1852,1852,1,319.5,412.5,24.208149601754588
1853,1853,1,306.1875,382.5,29.922552292897297
1854,1854,1,319.5,352.5,30.62094542799781
1855,1855,1,319.5,345.0,26.39387837293597
1856,1856,1,332.8125,330.0,29.16417391546201
1857,1857,1,332.8125,330.0,24.897626764492884
1858,1858,1,332.8125,330.0,18.80010757507844
1859,1859,1,332.8125,330.0,29.83273823918517
1860,1860,2,372.75,450.0,32.1997251629446
1861,1861,2,372.75,450.0,29.05326738982863
1862,1862,2,399.375,457.5,28.40264638762672
1863,1863,2,386.0625,457.5,30.36929983346608
1864,1864,2,-1.0,-1.0,31.37171365101685
1865,1865,2,359.4375,450.0,18.93214891849926
1866,1866,1,386.0625,450.0,29.840803665442955
1867,1867,1,332.8125,330.0,32.66846327595607
1868,1868,1,-1.0,-1.0,25.676634976216857
1869,1869,1,346.125,322.5,29.70280931102125
1870,1870,1,346.125,322.5,33.42287954610652
1871,1871,1,346.125,322.5,31.03351732098199
1872,1872,1,346.125,315.0,29.862687162253565
1873,1873,1,332.8125,322.5,29.437224089891423
1874,1874,1,346.125,322.5,25.05318488077603
1875,1875,1,346.125,322.5,28.77245069456354
1876,1876,1,346.125,315.0,14.914830895713989
1877,1877,1,346.125,315.0,25.75657684655253
1878,1878,1,346.125,315.0,31.755784373107208
1879,1879,1,399.375,450.0,33.1115321460149
1880,1880,1,399.375,457.5,29.98694511371192
1881,1881,1,399.375,450.0,30.43519022429269
1882,1882,1,399.375,450.0,28.67547242048842
1883,1883,1,332.8125,330.0,27.914386114364817
1884,1884,1,332.8125,330.0,30.681199069536085
1885,1885,1,332.8125,330.0,28.573499557190544
1886,1886,1,332.8125,330.0,28.72948703020008
1887,1887,1,332.8125,330.0,23.20204897855321
1888,1888,1,332.8125,330.0,28.539669578944505
1889,1889,1,332.8125,330.0,29.13014550126749
1890,1890,1,332.8125,330.0,30.10402865202007
1891,1891,1,332.8125,330.0,18.743398502960563
1892,1892,1,332.8125,330.0,27.676771409341058
1893,1893,1,332.8125,330.0,30.16530019274474
1894,1894,1,332.8125,330.0,28.142513989720744
1895,1895,1,332.8125,330.0,28.42170029951076
1896,1896,1,332.8125,330.0,26.29245572794233
1897,1897,1,332.8125,330.0,28.289048062266467
1898,1898,1,346.125,337.5,24.01163283298412
1899,1899,1,426.0,465.0,30.268485242115897
1900,1900,1,426.0,457.5,29.87502403931764
1901,1901,1,426.0,465.0,30.14167139767019
1902,1902,1,426.0,457.5,28.312918098298244
1903,1903,1,625.6875,465.0,29.6788491611415
1904,1904,3,625.6875,465.0,29.5255003273334
1905,1905,3,625.6875,465.0,27.916058224124274
1906,1906,3,625.6875,465.0,29.25979615897089
1907,1907,3,319.5,345.0,19.76245311822688
1908,1908,3,612.375,450.0,29.02933868567672
1909,1909,3,625.6875,450.0,19.39840624551959
1910,1910,3,-1.0,-1.0,27.07172777910452
1911,1911,3,-1.0,-1.0,28.88141848855225
1912,1912,3,-1.0,-1.0,28.33548840382913
1913,1913,3,-1.0,-1.0,6.430880709216161
1914,1914,3,-1.0,-1.0,29.59988708539167
1915,1915,3,-1.0,-1.0,30.460166451219337
1916,1916,3,625.6875,412.5,29.85418490600956
1917,1917,0,625.6875,412.5,26.666056329073687
1918,1918,0,625.6875,412.5,29.60511028763014
1919,1919,0,652.3125,412.5,18.011353974320436
1920,1920,0,652.3125,412.5,28.59941223398815
1921,1921,0,639.0,412.5,30.57875244233181
1922,1922,0,639.0,412.5,20.232429355638526
1923,1923,0,639.0,412.5,32.17453072621413
1924,1924,0,639.0,412.5,23.949249998572512
1925,1925,0,639.0,412.5,20.05778749085414
1926,1926,0,639.0,412.5,29.05668899680635
1927,1927,0,652.3125,405.0,27.1836676496322
1928,1928,0,652.3125,412.5,28.162733077733986
1929,1929,0,652.3125,412.5,26.401853157417666
1930,1930,0,639.0,412.5,26.39786516288203
1931,1931,0,639.0,412.5,23.21591896604212
1932,1932,0,639.0,412.5,22.859609441849564
1933,1933,0,639.0,405.0,18.18581661145701
1934,1934,0,639.0,412.5,30.26477230909104
1935,1935,0,639.0,412.5,27.74432618718456
1936,1936,0,625.6875,412.5,30.29275092265581
1937,1937,0,625.6875,420.0,29.41307152875176
1938,1938,0,625.6875,420.0,29.47818814351477
1939,1939,0,612.375,420.0,27.86227970532161
1940,1940,0,465.9375,450.0,21.45764289989717
1941,1941,0,452.625,457.5,32.19428773190258
1942,1942,0,426.0,457.5,24.663961707182256
1943,1943,0,412.6875,457.5,27.4216375951254
1944,1944,0,412.6875,457.5,32.224711504479174
1945,1945,0,399.375,457.5,27.93055823771884
1946,1946,0,399.375,457.5,26.0710094480358
1947,1947,0,399.375,457.5,32.33127519675632
1948,1948,0,386.0625,457.5,28.771661213206293
1949,1949,0,386.0625,457.5,28.74326871021018
1950,1950,0,399.375,457.5,28.93461554381269
1951,1951,0,399.375,457.5,29.97365882243645
1952,1952,0,386.0625,457.5,22.049868835394992
1953,1953,0,399.375,457.5,29.7918415762819
1954,1954,0,399.375,457.5,32.32903235752054
1955,1955,0,399.375,457.5,32.901404915242274
1956,1956,0,412.6875,457.5,31.06822811344933
1957,1957,0,399.375,457.5,20.091415542175024
1958,1958,0,399.375,457.5,31.3639721827563
1959,1959,0,399.375,457.5,31.889300295756765
1960,1960,0,399.375,457.5,28.547828099263555
1961,1961,0,399.375,457.5,20.80332511643364
1962,1962,0,399.375,457.5,32.27554577424146
1963,1963,0,319.5,300.0,30.70680566943892
1964,1964,1,319.5,300.0,20.56858148863759
1965,1965,1,319.5,300.0,33.10970247633783
1966,1966,1,319.5,300.0,33.36306147935442
1967,1967,1,319.5,300.0,20.729503051869425
1968,1968,1,332.8125,300.0,31.136265106749413
1969,1969,1,319.5,300.0,31.29120194567334
1970,1970,1,332.8125,300.0,32.905018553821776
1971,1971,1,332.8125,300.0,26.89708155111935
1972,1972,1,319.5,300.0,30.733806202004807
1973,1973,1,319.5,300.0,28.885993305877328
1974,1974,1,319.5,300.0,20.510645789118502
1975,1975,1,319.5,300.0,30.286407486569235
1976,1976,1,319.5,307.5,24.2119226706228
1977,1977,1,399.375,457.5,29.93600696600504
1978,1978,1,399.375,457.5,28.89176361995688
1979,1979,1,399.375,457.5,31.957575849930663
1980,1980,1,332.8125,307.5,29.51511185233662
1981,1981,1,332.8125,307.5,28.922644085561792
1982,1982,1,332.8125,315.0,26.234075556667506
1983,1983,1,319.5,315.0,27.97638787911128
1984,1984,1,306.1875,307.5,29.713961857802715
1985,1985,1,306.1875,307.5,32.67075346040302
1986,1986,1,319.5,315.0,28.51948758397476
1987,1987,1,319.5,315.0,29.9743014364325
1988,1988,1,319.5,315.0,28.12496395786255
1989,1989,1,319.5,315.0,20.168607726411555
1990,1990,1,319.5,315.0,6.904931548344187
1991,1991,1,319.5,322.5,17.352054873861277
1992,1992,1,319.5,330.0,19.23674989451284
1993,1993,1,319.5,330.0,5.214480634842489
1994,1994,1,319.5,330.0,24.80721095838558
1995,1995,1,319.5,330.0,25.505196139836663
1996,1996,1,412.6875,450.0,29.649686841696003
1997,1997,1,399.375,457.5,27.330331602233706
1998,1998,1,412.6875,450.0,25.99957848278598
1999,1999,1,-1.0,-1.0,20.17724283576992
2000,2000,2,372.75,465.0,24.479706778414595
2001,2001,2,372.75,457.5,21.18827606413611
2002,2002,2,372.75,457.5,32.0743912883886
2003,2003,2,386.0625,465.0,32.125244138755065
2004,2004,2,372.75,465.0,25.03329772186047
2005,2005,2,372.75,465.0,21.905688067644707
2006,2006,2,359.4375,465.0,29.41575318928093
2007,2007,2,359.4375,465.0,23.56350561797753
2008,2008,2,359.4375,465.0,26.718715759969424
2009,2009,2,372.75,465.0,22.839070821036124
2010,2010,2,359.4375,465.0,27.858763516565265
2011,2011,2,372.75,465.0,19.97972638237872
2012,2012,2,359.4375,465.0,23.88583013473957
2013,2013,2,372.75,465.0,28.192831984513216
2014,2014,2,372.75,465.0,29.24633052791588
2015,2015,2,372.75,465.0,17.456845925574466
2016,2016,2,346.125,457.5,27.671111052468383
2017,2017,2,346.125,457.5,29.941776959209605
2018,2018,2,346.125,457.5,27.16359797680187
2019,2019,2,346.125,457.5,16.690292954294037
2020,2020,2,346.125,457.5,28.57856150009539
2021,2021,2,346.125,457.5,23.102239554072067
2022,2022,2,346.125,457.5,24.745886309330658
2023,2023,2,346.125,457.5,28.046727784576085
2024,2024,2,346.125,457.5,21.13957965828336
2025,2025,2,346.125,457.5,24.16867289374968
2026,2026,2,346.125,457.5,27.729285530117217
2027,2027,2,346.125,457.5,26.835301795288487
2028,2028,2,346.125,457.5,30.30522680308088
2029,2029,2,359.4375,450.0,30.99132542227608
2030,2030,2,346.125,457.5,33.74828213256948
2031,2031,2,319.5,442.5,33.771651260910176
2032,2032,2,319.5,450.0,31.689564507842487
2033,2033,2,319.5,450.0,28.493525903180664
2034,2034,2,332.8125,450.0,32.852698362967026
2035,2035,2,332.8125,442.5,24.09757835167045
2036,2036,2,332.8125,442.5,30.0757504051399
2037,2037,2,319.5,450.0,29.767737631386577
2038,2038,2,319.5,450.0,27.544814542397816
2039,2039,2,319.5,450.0,32.213821600282635
2040,2040,2,319.5,450.0,28.899527333360894
2041,2041,2,332.8125,457.5,27.39942513718317
2042,2042,2,332.8125,450.0,31.659186461659232
2043,2043,2,319.5,457.5,17.08362795092784
2044,2044,2,319.5,450.0,29.43991015652418
2045,2045,2,319.5,450.0,31.432134292565948
2046,2046,2,332.8125,457.5,30.881797699863053
2047,2047,2,372.75,457.5,29.65996054111008
2048,2048,2,386.0625,450.0,22.205008205834083
2049,2049,2,399.375,457.5,14.162242834134137
2050,2050,2,386.0625,457.5,25.07295377920184
2051,2051,2,359.4375,450.0,23.592930508836865
2052,2052,2,306.1875,435.0,30.462378711289293
2053,2053,2,319.5,435.0,31.79309456130377
2054,2054,2,332.8125,442.5,25.825086816245104
2055,2055,2,359.4375,450.0,29.504523136228705
2056,2056,2,359.4375,450.0,24.47570696637606
2057,2057,2,372.75,450.0,30.78071977925204
2058,2058,2,372.75,450.0,31.28770066240974
2059,2059,2,319.5,352.5,25.30805527062089
2060,2060,2,319.5,352.5,31.710648078144374
2061,2061,2,292.875,375.0,29.28656016087588
2062,2062,2,292.875,390.0,21.77513121758497
2063,2063,2,292.875,390.0,31.38063280437532
2064,2064,2,292.875,390.0,30.22616817041884
2065,2065,2,306.1875,397.5,17.95445361460224
2066,2066,2,279.5625,390.0,19.54274957832841
2067,2067,2,292.875,390.0,7.567831289649747
2068,2068,2,292.875,390.0,32.248248925520706
2069,2069,2,292.875,367.5,33.39972447622612
2070,2070,2,279.5625,367.5,28.02948429219656
2071,2071,2,279.5625,367.5,31.11455319654011
2072,2072,2,292.875,352.5,30.969357768359497
2073,2073,2,292.875,352.5,25.873037610032632
2074,2074,2,292.875,360.0,30.41047541019264
2075,2075,2,292.875,367.5,30.918448734676428
2076,2076,2,279.5625,367.5,29.72428015619353
2077,2077,2,279.5625,367.5,23.004925351850023
2078,2078,2,239.625,210.0,29.75380053487696
2079,2079,1,239.625,210.0,29.594874544890068
2080,2080,1,239.625,202.5,19.7467291259622
2081,2081,1,239.625,202.5,29.758655920081736
2082,2082,1,239.625,202.5,32.52734844548535
2083,2083,1,226.3125,202.5,20.89306653516047
2084,2084,1,-1.0,-1.0,32.152086591236625
2085,2085,1,226.3125,202.5,26.835816884737195
2086,2086,1,226.3125,202.5,20.6032371361906
2087,2087,1,-1.0,-1.0,27.802809245719512
2088,2088,3,-1.0,-1.0,24.72473473237444
2089,2089,3,-1.0,-1.0,29.77048435636818
2090,2090,3,-1.0,-1.0,30.885891016200294
2091,2091,3,-1.0,-1.0,29.22350809963421
2092,2092,3,-1.0,-1.0,24.73873448780257
2093,2093,3,-1.0,-1.0,28.02480222364764
2094,2094,3,-1.0,-1.0,25.770819764798407
2095,2095,3,-1.0,-1.0,18.87039578168796
2096,2096,3,-1.0,-1.0,23.343837484346736
2097,2097,3,-1.0,-1.0,26.71429117358572
2098,2098,3,-1.0,-1.0,19.794817097631302
2099,2099,3,239.625,210.0,25.96867144643808
2100,2100,1,239.625,217.5,23.92752664126144
2101,2101,1,239.625,217.5,23.43775809561063
2102,2102,1,-1.0,-1.0,18.85283805893669
2103,2103,3,-1.0,-1.0,22.773223583835115
2104,2104,3,-1.0,-1.0,13.696536274903586
2105,2105,3,-1.0,-1.0,30.266082652023005
2106,2106,3,-1.0,-1.0,25.08645047071067
2107,2107,3,-1.0,-1.0,32.985238720636694
2108,2108,3,-1.0,-1.0,32.89521195247245
2109,2109,3,-1.0,-1.0,11.479795491619315
2110,2110,3,239.625,210.0,21.44173729896633
2111,2111,1,239.625,210.0,24.59252310145879
2112,2112,1,239.625,210.0,32.221740800491666
2113,2113,1,239.625,210.0,29.45065932677049
2114,2114,1,-1.0,-1.0,32.05772111651228
2115,2115,3,-1.0,-1.0,32.898050104318635
2116,2116,3,-1.0,-1.0,32.35097570381797
2117,2117,3,-1.0,-1.0,20.52881608120873
2118,2118,3,-1.0,-1.0,31.29727269335522
2119,2119,3,-1.0,-1.0,31.66755254892486
2120,2120,3,-1.0,-1.0,31.013782904466133
2121,2121,3,-1.0,-1.0,27.70913463126532
2122,2122,3,-1.0,-1.0,23.04385376949026
2123,2123,3,-1.0,-1.0,30.81871620032918
2124,2124,3,-1.0,-1.0,25.65229410541509
2125,2125,3,-1.0,-1.0,30.07812287105495
2126,2126,3,-1.0,-1.0,29.13378760410372
2127,2127,3,-1.0,-1.0,31.197637660569907
2128,2128,3,-1.0,-1.0,27.10934732868832
2129,2129,3,-1.0,-1.0,18.804659128610243
2130,2130,3,-1.0,-1.0,29.5915337942712
2131,2131,3,-1.0,-1.0,31.212263729721684
2132,2132,3,-1.0,-1.0,29.995308656101606
2133,2133,3,-1.0,-1.0,26.766799831523056
2134,2134,3,-1.0,-1.0,24.6587416369772
2135,2135,3,-1.0,-1.0,28.43114048466361
2136,2136,3,-1.0,-1.0,6.855230125523012
2137,2137,3,-1.0,-1.0,32.500127852466
2138,2138,3,-1.0,-1.0,31.243884270432943
2139,2139,3,-1.0,-1.0,27.26052255297024
2140,2140,3,-1.0,-1.0,25.817615521454645
2141,2141,3,-1.0,-1.0,32.99457996711794
2142,2142,3,-1.0,-1.0,27.6913894867495
2143,2143,3,-1.0,-1.0,29.62895147674854
2144,2144,3,-1.0,-1.0,24.519060229272256
2145,2145,3,-1.0,-1.0,32.850639890975735
2146,2146,3,-1.0,-1.0,20.61883483022893
2147,2147,3,-1.0,-1.0,33.6354261060634
2148,2148,3,-1.0,-1.0,27.23910092803657
2149,2149,3,-1.0,-1.0,26.54639586326496
2150,2150,3,-1.0,-1.0,28.9517919266663
2151,2151,3,-1.0,-1.0,31.697228016081738
2152,2152,3,-1.0,-1.0,16.042593555888743
2153,2153,3,-1.0,-1.0,23.755686452197555
2154,2154,3,-1.0,-1.0,31.824937591526105
2155,2155,3,-1.0,-1.0,32.63491075457898
2156,2156,3,-1.0,-1.0,21.401475645722567
2157,2157,3,-1.0,-1.0,28.412843788104592
2158,2158,3,-1.0,-1.0,33.088545282423475
2159,2159,3,-1.0,-1.0,23.818551455472644
2160,2160,3,-1.0,-1.0,24.66265648244516
2161,2161,3,-1.0,-1.0,30.17115892300941
2162,2162,3,-1.0,-1.0,33.44259994578131
2163,2163,3,-1.0,-1.0,28.94040530190645
2164,2164,3,-1.0,-1.0,19.53301137713117
2165,2165,3,-1.0,-1.0,30.48784281799481
2166,2166,3,226.3125,217.5,20.258619190679973
2167,2167,2,372.75,442.5,27.683713071256964
2168,2168,2,346.125,435.0,30.35040087990969
2169,2169,2,332.8125,435.0,31.69603034860084
2170,2170,2,332.8125,427.5,29.254285993276326
2171,2171,2,332.8125,427.5,32.158989143102495
2172,2172,2,332.8125,427.5,23.7544755874474
2173,2173,2,332.8125,427.5,29.224526198439243
2174,2174,2,332.8125,427.5,21.158988639344592
2175,2175,2,346.125,435.0,28.56260299906024
2176,2176,2,359.4375,435.0,32.15134720784945
2177,2177,2,359.4375,435.0,19.964605139775426
2178,2178,2,359.4375,435.0,31.89536280817022
2179,2179,2,359.4375,435.0,25.057076288906146
2180,2180,2,359.4375,435.0,9.66246930303491
2181,2181,2,359.4375,435.0,25.41740547943545
2182,2182,2,359.4375,435.0,30.70725528955268
2183,2183,2,359.4375,435.0,33.037722027490055
2184,2184,2,359.4375,435.0,33.5966293664843
2185,2185,2,359.4375,435.0,34.40266408569694
2186,2186,2,359.4375,435.0,31.954897643554247
2187,2187,2,359.4375,435.0,20.7227434647062
2188,2188,2,359.4375,435.0,27.89415089947793
2189,2189,2,359.4375,435.0,30.56025996925252
2190,2190,2,359.4375,435.0,29.90335229784261
2191,2191,2,346.125,435.0,32.243290822013634
2192,2192,2,359.4375,435.0,31.51882049702043
2193,2193,2,359.4375,435.0,23.39396508449997
2194,2194,2,359.4375,435.0,24.952579257664
2195,2195,2,346.125,435.0,31.25016950162796
2196,2196,2,359.4375,435.0,21.94396689285696
2197,2197,2,346.125,435.0,27.91178545285153
2198,2198,2,346.125,435.0,21.17180527792921
2199,2199,2,359.4375,435.0,30.05290762660858
2200,2200,2,346.125,442.5,24.27905576716024
2201,2201,2,359.4375,442.5,28.263884958018306
2202,2202,2,386.0625,450.0,29.854822407288776
2203,2203,2,372.75,450.0,20.331484856710745
2204,2204,2,372.75,450.0,30.06777303846016
2205,2205,2,372.75,450.0,7.253933252739917
2206,2206,2,372.75,450.0,34.25347695775384
2207,2207,2,372.75,450.0,31.76203674254472
2208,2208,2,386.0625,450.0,15.824337682132697
2209,2209,2,386.0625,450.0,33.52439414284801
2210,2210,2,386.0625,457.5,30.06152346549697
2211,2211,2,386.0625,457.5,20.007651394089727
2212,2212,2,372.75,457.5,29.5074290859973
2213,2213,2,372.75,457.5,25.963848858515327
2214,2214,2,386.0625,457.5,19.100614782093903
2215,2215,2,386.0625,450.0,27.25875089361149
2216,2216,2,386.0625,457.5,25.33618450460899
2217,2217,2,386.0625,457.5,30.099707923385505
2218,2218,2,386.0625,457.5,30.482525055052072
2219,2219,2,386.0625,457.5,21.61566687280973
2220,2220,2,386.0625,457.5,28.819700967458225
2221,2221,2,386.0625,457.5,29.40564794301579
2222,2222,2,372.75,457.5,27.954572114102906
2223,2223,2,386.0625,450.0,30.621839659489964
2224,2224,2,372.75,450.0,25.29065869130026
2225,2225,2,372.75,450.0,23.563770379442467
2226,2226,2,372.75,450.0,29.618490089046755
2227,2227,2,372.75,450.0,30.689056200657053
2228,2228,2,372.75,457.5,30.74011315997772
2229,2229,2,386.0625,450.0,31.493733997101646
2230,2230,2,386.0625,450.0,27.95960350102991
2231,2231,2,372.75,450.0,29.110332239056653
2232,2232,2,386.0625,450.0,18.99318939284161
2233,2233,2,386.0625,450.0,29.62664933743961
2234,2234,2,386.0625,450.0,31.8723375152929
2235,2235,2,386.0625,450.0,33.06298380866796
2236,2236,2,386.0625,450.0,27.099538682207605
2237,2237,2,386.0625,450.0,21.925842285475312
2238,2238,2,372.75,450.0,31.558424751328005
2239,2239,2,386.0625,450.0,20.17025655822453
2240,2240,2,372.75,450.0,25.185115798701805
2241,2241,2,372.75,450.0,17.338426178547216
2242,2242,2,386.0625,450.0,29.223100879973803
2243,2243,2,386.0625,450.0,30.823698869732645
2244,2244,2,372.75,450.0,22.673751925831823
2245,2245,2,372.75,450.0,29.95995628477753
2246,2246,2,372.75,450.0,30.700961805911373
2247,2247,2,372.75,450.0,28.35636924158633
2248,2248,2,386.0625,450.0,23.65720409487013
2249,2249,2,359.4375,435.0,29.201127858808785
2250,2250,2,372.75,450.0,29.327310739282744
2251,2251,2,372.75,442.5,20.987050417308808
2252,2252,2,359.4375,435.0,6.759043231213751
2253,2253,2,359.4375,435.0,32.45938227942144
2254,2254,2,359.4375,435.0,32.46490963272572
2255,2255,2,359.4375,435.0,25.113637860525827
2256,2256,2,372.75,442.5,32.279271652634336
2257,2257,2,359.4375,442.5,31.66038134633675
2258,2258,2,359.4375,442.5,30.689056200657053
2259,2259,2,359.4375,442.5,28.36480692500169
2260,2260,2,359.4375,442.5,27.824204108980187
2261,2261,2,359.4375,442.5,33.5294860623696
2262,2262,2,359.4375,442.5,31.989749378403527
2263,2263,2,359.4375,442.5,34.28315473709162
2264,2264,2,359.4375,442.5,25.32043054893178
2265,2265,2,359.4375,442.5,29.68199960370255
2266,2266,2,359.4375,442.5,23.981703412313603
2267,2267,2,359.4375,442.5,31.92595298989161
2268,2268,2,359.4375,442.5,32.694437515589925
2269,2269,2,359.4375,442.5,28.99482223466545
2270,2270,2,359.4375,450.0,28.22223567963288
2271,2271,2,359.4375,450.0,26.862112692292914
2272,2272,2,359.4375,450.0,31.36045459643352
2273,2273,2,359.4375,442.5,29.72238442132713
2274,2274,2,346.125,442.5,24.0595651924511
2275,2275,2,346.125,442.5,31.57101458002454
2276,2276,2,359.4375,450.0,29.23043257068388
2277,2277,2,332.8125,442.5,26.04235767461209
2278,2278,2,332.8125,442.5,6.434906145242826
2279,2279,2,346.125,442.5,10.059754544429762
2280,2280,2,332.8125,450.0,29.60134939622988
2281,2281,2,359.4375,450.0,23.80989793253784
2282,2282,2,332.8125,442.5,24.9641634873492
2283,2283,2,332.8125,442.5,28.21179509255273
2284,2284,2,332.8125,435.0,20.091415542175024
2285,2285,2,319.5,442.5,25.65260788726881
2286,2286,2,332.8125,442.5,21.158241481070448
2287,2287,2,319.5,442.5,25.90851756450408
2288,2288,2,319.5,442.5,22.938746937346867
2289,2289,2,319.5,435.0,23.518714358609166
2290,2290,2,306.1875,435.0,17.493468577434477
2291,2291,2,319.5,435.0,29.43743069299982
2292,2292,2,306.1875,435.0,27.520596301982863
2293,2293,2,319.5,435.0,18.277984773807813
2294,2294,2,319.5,435.0,30.211798602607505
2295,2295,2,319.5,435.0,27.854878235055818
2296,2296,2,319.5,435.0,24.378118243321783
2297,2297,2,319.5,435.0,20.19385465715304
2298,2298,2,319.5,435.0,23.8134126677719
2299,2299,2,306.1875,435.0,15.787468052831866
2300,2300,2,306.1875,435.0,18.00818338335244
2301,2301,2,319.5,435.0,30.07984853591893
2302,2302,2,332.8125,435.0,30.69983824099896
2303,2303,2,319.5,435.0,26.992631301202803
2304,2304,2,332.8125,442.5,30.701635984335542
2305,2305,2,332.8125,442.5,19.32743199716146
2306,2306,2,332.8125,442.5,31.728879206003388
2307,2307,2,319.5,442.5,26.855232997400467
2308,2308,2,306.1875,435.0,28.686455284108007
2309,2309,2,306.1875,435.0,27.43814109273603
2310,2310,2,319.5,442.5,17.620756873025474
2311,2311,2,332.8125,442.5,27.54951854235908
2312,2312,2,332.8125,442.5,26.938887711388144
2313,2313,2,332.8125,442.5,23.75743569700986
2314,2314,2,319.5,435.0,17.1384254548872
2315,2315,2,292.875,367.5,26.15767055199037
2316,2316,2,306.1875,367.5,16.602491380709413
2317,2317,2,292.875,442.5,24.760640872758184
2318,2318,2,319.5,450.0,22.896172238356225
2319,2319,2,332.8125,450.0,26.312083610403626
2320,2320,2,332.8125,450.0,25.515436511074743
2321,2321,2,372.75,450.0,19.08992185259861
2322,2322,2,372.75,450.0,27.786048360384232
2323,2323,2,359.4375,450.0,25.368365026370544
2324,2324,2,332.8125,450.0,20.513956206807165
2325,2325,2,319.5,450.0,18.170296274796065
2326,2326,2,372.75,450.0,20.52740949556348
2327,2327,2,332.8125,322.5,25.442691367460707
2328,2328,2,319.5,315.0,20.70872626371348
2329,2329,2,306.1875,307.5,27.454664467310764
2330,2330,2,292.875,292.5,26.723482338549367
2331,2331,2,292.875,292.5,23.09130147544594
2332,2332,2,292.875,292.5,24.195860350278053
2333,2333,2,306.1875,307.5,20.68350223142737
2334,2334,2,239.625,217.5,29.849510728391987
2335,2335,2,306.1875,292.5,21.66893466209968
2336,2336,2,292.875,397.5,32.18218368756234
2337,2337,2,306.1875,307.5,27.273817342393603
2338,2338,2,279.5625,397.5,33.18094725766769
2339,2339,2,292.875,397.5,32.158989143102495
2340,2340,2,292.875,397.5,34.03776831000203
2341,2341,2,292.875,397.5,32.35147476243367
2342,2342,2,292.875,352.5,27.34940010432968
2343,2343,2,279.5625,390.0,18.50319392976884
2344,2344,2,279.5625,397.5,24.968621824827512
2345,2345,2,266.25,397.5,15.17294968401023
2346,2346,2,279.5625,397.5,18.82821064161209
2347,2347,2,279.5625,397.5,27.200944246645523
2348,2348,2,292.875,397.5,30.294720115565188
2349,2349,2,292.875,412.5,20.86033441755444
2350,2350,2,292.875,442.5,27.78328751697413
2351,2351,2,319.5,450.0,22.73224612349533
2352,2352,2,372.75,450.0,28.29458232425103
2353,2353,2,292.875,442.5,21.569424445632944
2354,2354,2,372.75,450.0,7.27152694465441
2355,2355,2,372.75,450.0,22.726580152258133
2356,2356,2,372.75,450.0,30.1672528500018
2357,2357,2,372.75,450.0,29.638163612852168
2358,2358,2,372.75,450.0,27.32374400667084
2359,2359,2,372.75,450.0,10.2750948674795
2360,2360,2,372.75,450.0,27.47984695214634
2361,2361,2,372.75,450.0,16.32514021710785
2362,2362,2,386.0625,450.0,25.348587314537816
2363,2363,2,386.0625,450.0,26.74938775510204
2364,2364,2,359.4375,442.5,19.05730863423433
2365,2365,2,319.5,412.5,19.519557700451887
2366,2366,2,319.5,412.5,30.453310486535152
2367,2367,2,319.5,412.5,20.648169663076228
2368,2368,2,332.8125,435.0,26.339181874128684
2369,2369,2,306.1875,412.5,30.30084813107743
2370,2370,2,319.5,435.0,21.412292031467764
2371,2371,2,332.8125,435.0,20.94952300084911
2372,2372,2,319.5,435.0,26.12052934765686
2373,2373,2,332.8125,435.0,18.587241585606343
2374,2374,2,332.8125,435.0,21.637969459347914
2375,2375,2,332.8125,442.5,25.97977020037784
2376,2376,2,332.8125,442.5,24.4990099472556
2377,2377,2,332.8125,450.0,23.99501141310877
2378,2378,2,319.5,450.0,23.273760376437163
2379,2379,2,319.5,450.0,27.614816375439474
2380,2380,2,319.5,442.5,24.250980029371974
2381,2381,2,332.8125,442.5,29.96316669286051
2382,2382,2,319.5,435.0,24.94501076471078
2383,2383,2,319.5,442.5,24.38407069356433
2384,2384,2,319.5,442.5,24.24214961535572
2385,2385,2,319.5,442.5,20.85514827263868
2386,2386,2,319.5,442.5,21.507486565204907
2387,2387,2,319.5,442.5,22.205831122970302
2388,2388,2,332.8125,442.5,28.96858855706274
2389,2389,2,346.125,442.5,29.512827368806203
2390,2390,2,346.125,442.5,28.689006080752947
2391,2391,2,346.125,442.5,24.073926968420327
2392,2392,2,346.125,442.5,30.579198320234468
2393,2393,2,346.125,442.5,24.002014329205483
2394,2394,2,346.125,442.5,28.82128525094827
2395,2395,2,359.4375,450.0,30.54201224795928
2396,2396,2,359.4375,450.0,27.36724520422811
2397,2397,2,359.4375,450.0,23.19768593030137
2398,2398,2,359.4375,450.0,31.799361632764462
2399,2399,2,359.4375,450.0,31.12632930367864
2400,2400,2,359.4375,450.0,20.06632794634057
2401,2401,2,359.4375,450.0,27.54372923206241
2402,2402,2,359.4375,450.0,30.191139103833
2403,2403,2,359.4375,450.0,30.788627972017707
2404,2404,2,372.75,457.5,23.37076247576169
2405,2405,2,359.4375,450.0,28.116479862712502
2406,2406,2,359.4375,450.0,29.055682558155645
2407,2407,2,359.4375,450.0,30.011405510994084
2408,2408,2,372.75,457.5,22.358889066581373
2409,2409,2,372.75,450.0,30.981253046933865
2410,2410,2,372.75,450.0,25.99168375978336
2411,2411,2,359.4375,450.0,30.79066216414624
2412,2412,2,386.0625,457.5,28.992016368173303
2413,2413,2,399.375,457.5,29.531321068232543
2414,2414,2,399.375,457.5,32.609538026154155
2415,2415,2,399.375,457.5,33.1914502995244
2416,2416,2,399.375,457.5,30.701860717056817
2417,2417,2,412.6875,457.5,33.23695262849264
2418,2418,2,386.0625,457.5,29.72786164859309
2419,2419,2,399.375,450.0,30.86770680011775
2420,2420,2,412.6875,450.0,30.558701385751963
2421,2421,2,399.375,435.0,32.650407516678214
2422,2422,2,386.0625,427.5,31.10186345536383
2423,2423,2,399.375,427.5,28.791806530886824
2424,2424,2,386.0625,427.5,30.013767835930903
2425,2425,2,386.0625,427.5,24.85955429113324
2426,2426,2,372.75,427.5,33.02523562435533
2427,2427,2,-1.0,-1.0,21.78904496716815
2428,2428,4,-1.0,-1.0,30.36622165590339
2429,2429,4,-1.0,-1.0,24.850127974215564
2430,2430,4,359.4375,420.0,19.281230893703484
2431,2431,2,359.4375,420.0,7.325002925248122
2432,2432,2,359.4375,420.0,31.81624680457259
2433,2433,2,359.4375,420.0,25.06576148017116
2434,2434,2,359.4375,420.0,29.995523167251896
2435,2435,2,359.4375,420.0,24.38846603364364
2436,2436,2,359.4375,420.0,31.57267813859657
2437,2437,2,359.4375,420.0,25.00225922018157
2438,2438,2,359.4375,420.0,24.90161783477306
2439,2439,2,359.4375,420.0,20.29105932551873
2440,2440,2,372.75,420.0,21.075845434902767
2441,2441,2,372.75,420.0,30.058938195161105
2442,2442,2,359.4375,420.0,30.52467487100366
2443,2443,2,372.75,420.0,28.17219121311652
2444,2444,2,372.75,420.0,17.417048701082983
2445,2445,2,372.75,420.0,23.02753331173858
2446,2446,2,372.75,420.0,30.878160107189657
2447,2447,2,386.0625,420.0,32.57433539658748
2448,2448,2,372.75,420.0,30.359407911403856
2449,2449,2,386.0625,420.0,19.15977196316328
2450,2450,2,386.0625,420.0,30.18244881804771
2451,2451,2,372.75,420.0,30.86089323817232
2452,2452,2,386.0625,427.5,30.29625188705821
2453,2453,2,399.375,427.5,22.98714807933663
2454,2454,2,399.375,420.0,28.72929024480458
2455,2455,2,399.375,420.0,30.49005910019409
2456,2456,2,399.375,427.5,28.79299242814287
2457,2457,2,399.375,427.5,29.82467717162524
2458,2458,2,399.375,427.5,31.49491642512803
2459,2459,2,399.375,427.5,28.388420746275727
2460,2460,2,399.375,427.5,23.31749296745572
2461,2461,2,372.75,427.5,28.35924516054876
2462,2462,2,372.75,427.5,20.22043205144893
2463,2463,2,372.75,427.5,22.102155778867992
2464,2464,2,372.75,420.0,30.878160107189657
2465,2465,2,372.75,420.0,30.7513820256023
2466,2466,2,372.75,420.0,32.86943301594765
2467,2467,2,372.75,420.0,26.89035633230328
2468,2468,2,372.75,420.0,31.843542166479395
2469,2469,2,372.75,420.0,26.27828909035092
2470,2470,2,359.4375,420.0,29.01487994355168
2471,2471,2,359.4375,420.0,32.21431643625192
2472,2472,2,372.75,420.0,25.64852932183697
2473,2473,2,372.75,420.0,29.38792898081585
2474,2474,2,372.75,420.0,21.76225140479316
2475,2475,2,359.4375,420.0,31.84426746031144
2476,2476,2,359.4375,420.0,33.577802150296606
2477,2477,2,359.4375,420.0,21.26185056952689
2478,2478,2,359.4375,420.0,18.529678912862924
2479,2479,2,359.4375,420.0,30.19179107700724
2480,2480,2,359.4375,420.0,31.829767858362487
2481,2481,2,359.4375,420.0,19.53655969071685
2482,2482,2,359.4375,420.0,32.47420988246953
2483,2483,2,359.4375,420.0,23.039803126682266
2484,2484,2,359.4375,420.0,32.69316330587016
2485,2485,2,359.4375,420.0,30.13452502406852
2486,2486,2,359.4375,420.0,32.861964680257614
2487,2487,2,359.4375,420.0,30.55491691617312
2488,2488,2,359.4375,420.0,19.97125946947152
2489,2489,2,359.4375,420.0,29.63502246841704
2490,2490,2,359.4375,420.0,31.19554934102877
2491,2491,2,359.4375,420.0,28.556380125001706
2492,2492,2,359.4375,420.0,18.24268757856096
2493,2493,2,359.4375,420.0,32.51953046255951
2494,2494,2,359.4375,420.0,33.56436705264758
2495,2495,2,359.4375,420.0,32.41698483607191
2496,2496,2,346.125,412.5,17.718044144049003
2497,2497,2,346.125,412.5,23.50316322699586
2498,2498,2,346.125,412.5,33.109441111461955
2499,2499,2,359.4375,420.0,24.649322104619795
2500,2500,2,359.4375,420.0,29.30989084708809
2501,2501,2,359.4375,420.0,31.808284418558795
2502,2502,2,372.75,420.0,23.93203202118008
2503,2503,2,359.4375,420.0,26.721950038544605
2504,2504,2,372.75,420.0,33.15183610237278
2505,2505,2,372.75,420.0,30.547573268076675
2506,2506,2,372.75,420.0,22.13119459687632
2507,2507,2,359.4375,420.0,25.003451585404385
2508,2508,2,359.4375,420.0,6.7986928782613205
2509,2509,2,359.4375,420.0,24.99570324372322
2510,2510,2,359.4375,420.0,30.785464207335423
2511,2511,2,359.4375,420.0,19.38630207900016
2512,2512,2,372.75,420.0,30.95564379234505
2513,2513,2,346.125,412.5,33.36651180551136
2514,2514,2,359.4375,412.5,17.79403853822853
2515,2515,2,359.4375,412.5,27.24069311303354
2516,2516,2,359.4375,412.5,26.06647276704701
2517,2517,2,372.75,412.5,19.82157152781388
2518,2518,2,359.4375,420.0,26.21702170217021
2519,2519,2,372.75,412.5,10.847356633373506
2520,2520,2,359.4375,420.0,29.709541922551125
2521,2521,2,359.4375,420.0,25.12537215083715
2522,2522,2,372.75,420.0,22.791909838827124
2523,2523,2,372.75,420.0,27.31715958603891
2524,2524,2,386.0625,420.0,29.80623796360122
2525,2525,2,372.75,420.0,28.458340118330348
2526,2526,2,-1.0,-1.0,25.517609768265302
2527,2527,4,-1.0,-1.0,31.07306159339764
2528,2528,4,-1.0,-1.0,30.19918207476528
2529,2529,4,-1.0,-1.0,19.34436844799676
2530,2530,4,-1.0,-1.0,30.23619140991076
2531,2531,4,-1.0,-1.0,29.41100904564897
2532,2532,4,372.75,420.0,29.448384809273392
2533,2533,4,-1.0,-1.0,25.73697903882971
2534,2534,2,372.75,420.0,25.56177590882774
2535,2535,2,372.75,420.0,21.83248400680849
2536,2536,2,372.75,420.0,25.140733547919176
2537,2537,2,372.75,420.0,16.872511947479364
2538,2538,2,372.75,420.0,27.42737568988517
2539,2539,2,372.75,420.0,29.20661801570943
2540,2540,2,372.75,420.0,24.06922988637668
2541,2541,2,372.75,420.0,31.427659430986296
2542,2542,2,372.75,420.0,27.453047172096007
2543,2543,2,372.75,420.0,26.28784165763101
2544,2544,2,359.4375,420.0,27.568713027474693
2545,2545,2,372.75,420.0,5.350928626286286
2546,2546,2,359.4375,420.0,27.037175032714288
2547,2547,2,359.4375,420.0,30.052476964303622
2548,2548,2,359.4375,420.0,23.852278995706445
2549,2549,2,359.4375,420.0,28.964787613858444
2550,2550,2,359.4375,412.5,30.975075511967447
2551,2551,2,359.4375,405.0,25.171512761884184
2552,2552,2,359.4375,405.0,26.257396486747048
2553,2553,2,372.75,412.5,18.635387787019265
2554,2554,2,359.4375,420.0,30.52667433295972
2555,2555,2,372.75,412.5,21.32443947328283
2556,2556,2,372.75,412.5,30.520898824077307
2557,2557,2,372.75,412.5,30.66998157302056
2558,2558,2,372.75,412.5,29.505145791565543
2559,2559,2,372.75,412.5,31.013782904466133
2560,2560,2,372.75,412.5,31.785866393846387
2561,2561,2,372.75,412.5,30.768300823802992
2562,2562,2,372.75,412.5,28.939207230827613
2563,2563,2,359.4375,420.0,30.083084691301355
2564,2564,2,359.4375,412.5,27.648675016479896
2565,2565,1,346.125,412.5,26.395207169108392
2566,2566,2,359.4375,427.5,25.21145673669341
2567,2567,4,359.4375,427.5,20.33552641148093
2568,2568,4,-1.0,-1.0,21.104265832083808
2569,2569,4,-1.0,-1.0,28.18980025270855
2570,2570,4,-1.0,-1.0,31.14551341075831
2571,2571,4,-1.0,-1.0,30.42989081147749
2572,2572,4,-1.0,-1.0,26.03718441358504
2573,2573,4,-1.0,-1.0,30.674018926706548
2574,2574,4,-1.0,-1.0,27.98105378323927
2575,2575,4,-1.0,-1.0,30.51423749036041
2576,2576,4,-1.0,-1.0,28.461236759427017
2577,2577,4,412.6875,442.5,6.711895869138719
2578,2578,4,-1.0,-1.0,31.712805933811687
2579,2579,2,412.6875,450.0,26.96278582402818
2580,2580,2,372.75,442.5,28.33127765206525
2581,2581,2,372.75,450.0,23.702390976338883
2582,2582,1,319.5,375.0,19.53219271856868
2583,2583,1,306.1875,367.5,21.18303258031444
2584,2584,4,306.1875,352.5,21.54527055487636
2585,2585,4,-1.0,-1.0,17.312376172236164
2586,2586,4,-1.0,-1.0,25.9107583011583
2587,2587,4,-1.0,-1.0,19.620730788842163
2588,2588,4,-1.0,-1.0,24.25069959989824
2589,2589,4,-1.0,-1.0,24.261500818491545
2590,2590,4,292.875,375.0,24.56976158397282
2591,2591,1,346.125,435.0,15.267337400445538
2592,2592,1,319.5,427.5,15.23024913487271
2593,2593,1,319.5,427.5,19.79080082290546
2594,2594,1,319.5,427.5,21.980075777028976
2595,2595,1,319.5,427.5,25.414941254173407
2596,2596,1,306.1875,420.0,25.7489870589102
2597,2597,1,306.1875,420.0,25.40986029830492
2598,2598,1,319.5,420.0,23.577148574737063
2599,2599,1,306.1875,420.0,25.940725347583
2600,2600,1,319.5,420.0,19.76487441685123
2601,2601,1,306.1875,420.0,18.57448297241044
2602,2602,1,306.1875,412.5,17.583378748878584
2603,2603,1,292.875,397.5,9.332974341743675
2604,2604,1,279.5625,390.0,19.64149609212196
2605,2605,1,279.5625,390.0,15.124801217396948
2606,2606,1,279.5625,390.0,22.13072750680653
2607,2607,1,279.5625,397.5,9.851912574723713
2608,2608,1,266.25,397.5,22.818569073668066
2609,2609,1,279.5625,397.5,21.56177355095746
2610,2610,1,279.5625,397.5,21.806037037422147
2611,2611,1,292.875,405.0,23.84007730127604
2612,2612,1,279.5625,397.5,15.960911159650818
2613,2613,1,292.875,405.0,20.835878431411512
2614,2614,1,292.875,405.0,22.319625372498937
2615,2615,1,-1.0,-1.0,18.96004845898616
2616,2616,3,-1.0,-1.0,19.29773127763438
2617,2617,3,-1.0,-1.0,27.03647790633964
2618,2618,3,-1.0,-1.0,17.199921265008857
2619,2619,3,-1.0,-1.0,20.83184249606389
2620,2620,3,306.1875,412.5,20.793011992048264
2621,2621,1,306.1875,412.5,32.816455547644566
2622,2622,1,306.1875,412.5,20.34006275186825
2623,2623,1,306.1875,412.5,31.505562274185188
2624,2624,1,292.875,397.5,30.326700601573343
2625,2625,1,306.1875,412.5,32.05527108203537
2626,2626,1,306.1875,412.5,27.836576495261355
2627,2627,1,306.1875,412.5,22.58426216091063
2628,2628,1,306.1875,412.5,28.24028763415521
2629,2629,1,306.1875,412.5,29.51345037469655
2630,2630,1,306.1875,412.5,28.32266864744412
2631,2631,1,-1.0,-1.0,21.315336375740696
2632,2632,3,-1.0,-1.0,30.908423666737903
2633,2633,3,-1.0,-1.0,31.47884300746011
2634,2634,3,-1.0,-1.0,26.4599817052014
2635,2635,3,239.625,210.0,18.84115105069762
2636,2636,3,-1.0,-1.0,20.16298432842996
2637,2637,3,-1.0,-1.0,8.42454711800541
2638,2638,3,-1.0,-1.0,29.31337316979418
2639,2639,3,-1.0,-1.0,29.99402165362777
2640,2640,3,252.9375,210.0,28.179194324258955
2641,2641,1,252.9375,210.0,18.329665335232885
2642,2642,1,-1.0,-1.0,28.3127269781696
2643,2643,1,252.9375,210.0,27.50525604789791
2644,2644,1,252.9375,210.0,30.479645374609404
2645,2645,1,-1.0,-1.0,25.82127114679012
2646,2646,3,-1.0,-1.0,6.435784912446525
2647,2647,3,-1.0,-1.0,34.669686474512105
2648,2648,3,306.1875,307.5,28.98760824642519
2649,2649,1,319.5,322.5,31.090336305751368
2650,2650,1,306.1875,330.0,27.7737208393757
2651,2651,1,332.8125,337.5,25.15913167097552
2652,2652,1,332.8125,330.0,28.65666420704545
2653,2653,1,332.8125,345.0,27.09201185916276
2654,2654,1,332.8125,337.5,24.390451545372606
2655,2655,1,332.8125,330.0,27.32267604716305
2656,2656,1,332.8125,330.0,28.214451963567384
2657,2657,1,332.8125,330.0,29.568378086865795
2658,2658,1,332.8125,330.0,20.171808646220583
2659,2659,2,319.5,450.0,31.116168997366373
2660,2660,2,372.75,457.5,31.42295042665888
2661,2661,2,372.75,457.5,24.479421034201003
2662,2662,2,372.75,457.5,30.873614321256643
2663,2663,2,319.5,457.5,29.275930424100288
2664,2664,2,319.5,457.5,30.3063216688223
2665,2665,2,319.5,457.5,19.188434705034656
2666,2666,2,306.1875,450.0,30.068419694319388
2667,2667,1,332.8125,322.5,23.212064528625582
2668,2668,1,332.8125,322.5,32.30214253808358
2669,2669,1,332.8125,322.5,27.844153085272342
2670,2670,1,332.8125,330.0,30.40805022692012
2671,2671,1,332.8125,330.0,28.43827294423953
2672,2672,1,332.8125,330.0,29.778093317808764
2673,2673,1,332.8125,330.0,32.33052754910123
2674,2674,1,319.5,337.5,31.031450914821363
2675,2675,1,319.5,345.0,25.720880603421843
2676,2676,1,332.8125,352.5,30.875887046906747
2677,2677,2,332.8125,450.0,32.59458661340835
2678,2678,1,332.8125,352.5,30.946507887319783
2679,2679,2,372.75,450.0,26.30498780174225
2680,2680,2,359.4375,450.0,32.16416800226989
2681,2681,2,319.5,450.0,29.35522567731189
