yaw,pitch,class,fps,hleft,htop,hright,hbottom
-0.8330402510862028,-0.15659786683829433,3.0,16.432141038197845,473.60064697265625,97.21430969238281,580.8291015625,216.41360473632812
-1.143966705197935,-0.11495348424050726,3.0,17.77812440394193,473.4344787597656,97.5091781616211,579.6163940429688,217.77940368652344
-1.0541116500186616,-0.09532252489720618,3.0,20.815094564348918,474.1950378417969,98.67662048339844,579.2412719726562,217.9893035888672
-1.0439366435998503,0.019664781489145095,3.0,18.578514446693628,475.27294921875,100.02550506591797,578.618408203125,218.7552947998047
-0.968733368631811,-0.024198014296677974,3.0,17.40447321465621,475.0713195800781,99.79553985595703,578.9417724609375,218.89613342285156
-0.8813603795884914,-0.0007890946309904782,3.0,18.45069394039371,475.17791748046875,99.52777099609375,578.6212158203125,218.6447296142578
-1.0829648699007979,-0.12553981588968124,3.0,21.599303763897687,474.8686828613281,98.8075180053711,579.1876831054688,217.9466552734375
-0.6234518701419478,-0.1494984120043611,3.0,22.085048126540155,474.19573974609375,98.43183898925781,579.630859375,217.85299682617188
-1.1972648144097997,-0.288808102310297,3.0,21.224086630907802,474.9995422363281,99.44731903076172,580.1154174804688,215.40980529785156
-1.1262399060340404,-0.4302286140962298,3.0,21.968102992243107,476.1634521484375,99.182373046875,580.67041015625,215.353759765625
-0.8228107830230995,-0.24550963035946174,3.0,22.210064231891426,474.7452697753906,97.44369506835938,581.29931640625,215.71763610839844
-1.3474625725164155,-0.17791753662881465,3.0,21.511236934691407,474.53082275390625,97.93441009521484,581.4918823242188,217.55099487304688
-0.962910899540571,-0.11433376665484582,3.0,21.50693515057353,474.0895080566406,92.8660659790039,582.1331787109375,215.1060028076172
-0.9145636067951635,-0.11605896240899916,3.0,22.363538450874696,473.4466857910156,91.89568328857422,582.6596069335938,216.98863220214844
-0.24675092974354768,-0.025941319546243843,3.0,21.27263413619788,473.1011047363281,92.08002471923828,582.6527709960938,217.4734649658203
-0.9233001067511682,-0.042438004602630676,3.0,21.319345115560367,472.9233093261719,94.12259674072266,581.1238403320312,217.97195434570312
-0.7342004893373291,-0.029065473821015795,3.0,22.112526360185576,473.3232421875,94.84847259521484,580.944580078125,217.52130126953125
-0.32728172531423577,-0.004427771628365742,3.0,20.305794526450327,473.5184020996094,94.99368286132812,580.9910888671875,218.1520233154297
-0.5989609081253612,0.00205489509710514,3.0,21.83839509322559,473.6832275390625,94.69654846191406,581.2494506835938,218.3844757080078
-0.6272916158016241,-0.0008556736582424592,3.0,21.456435440965826,473.5135192871094,94.5063247680664,581.5176391601562,218.21253967285156
-1.0632617388919559,-0.0008181230868723419,3.0,21.357992881185044,474.0003967285156,93.95616149902344,581.6305541992188,217.8709716796875
-1.192028507074486,-0.08474338378297541,3.0,22.005561326743685,473.93878173828125,94.1845474243164,581.6282958984375,217.97572326660156
-1.18484116792458,-0.1227658672982547,3.0,22.185041785676503,473.9397277832031,93.74722290039062,581.800048828125,218.00714111328125
-1.1037449832544683,-0.17747731610062456,3.0,21.653385096694922,474.15020751953125,95.5770492553711,581.4412231445312,217.70578002929688
-0.7453721837941024,-0.12180579772528113,3.0,21.919883771368248,472.2202453613281,95.917236328125,581.5367431640625,215.48904418945312
-0.8064669634132832,-0.15583886592762175,3.0,21.10766443560968,472.525634765625,98.74691772460938,580.6866455078125,216.32034301757812
-0.3156980398368271,0.016065519275903002,3.0,21.54726286371856,474.424560546875,99.73231506347656,581.03759765625,215.93324279785156
0.3882859574563538,0.0044799695857312945,3.0,22.285826625222498,474.3929748535156,96.90469360351562,582.6013793945312,216.33419799804688
-0.7380407676292232,-0.06074350867139933,3.0,21.21506899202849,471.9670104980469,96.35083770751953,579.1270141601562,220.4174346923828
-0.9332139902250972,-0.0901037944250869,3.0,22.13166170666329,471.8994445800781,96.5418701171875,579.2938842773438,220.0147247314453
0.6433097308101237,-0.017315074459368182,3.0,22.5569341142178,474.21063232421875,96.2437515258789,582.0759887695312,216.90142822265625
0.308333067842213,-0.08006447606381518,3.0,21.64958500227113,474.5323181152344,97.19478607177734,581.1557006835938,216.00021362304688
-0.8371492423320861,-0.13033430480015087,3.0,22.29281515418877,474.62628173828125,97.12251281738281,580.87548828125,215.82916259765625
0.1139532009350735,-0.08057313983202033,3.0,22.393388182657862,474.7413024902344,96.66825866699219,580.6174926757812,215.75836181640625
-0.6687679529346272,-0.12214801392535632,3.0,21.17821942155437,473.8721008300781,96.3930892944336,580.1051025390625,215.5785675048828
-0.14083275213335225,-0.05681188395411534,3.0,21.38608934189259,473.2029724121094,94.29073333740234,580.7390747070312,215.75071716308594
0.3467395791866817,0.0016927051888543639,3.0,22.012375159412837,476.3169250488281,99.18872833251953,582.371337890625,216.71791076660156
0.2945400239244746,0.021526863723328498,3.0,20.47820015818922,476.13677978515625,97.39847564697266,581.8515014648438,215.15269470214844
-0.4143644297987368,-0.022276543570185804,3.0,22.407504955043994,476.7220458984375,96.58948516845703,581.8765258789062,215.19601440429688
-0.4987576078983667,-0.13550243521155866,3.0,21.995521503600102,477.1684875488281,96.55186462402344,581.8132934570312,215.09361267089844
-0.7476473223133571,-0.16063442010252743,3.0,20.61538915239242,477.2624206542969,98.47506713867188,581.0103149414062,215.4661102294922
-0.6651607012381148,-0.1709115587491432,3.0,21.458960282824354,477.39288330078125,97.36566162109375,581.3997802734375,215.67552185058594
-0.8476623370512829,-0.16186799631945212,3.0,22.128859343674158,476.41339111328125,95.69363403320312,581.8531494140625,215.41482543945312
-0.9094392853836875,-0.16667873051257126,3.0,20.915466549646947,476.70404052734375,95.68347930908203,581.2306518554688,214.7266082763672
-0.7974460378528577,-0.16355164676060022,3.0,22.390399624184578,477.97442626953125,96.49618530273438,581.744873046875,215.13980102539062
0.3823015681708368,-0.15540477066993882,3.0,21.799690231910272,478.02044677734375,96.74910736083984,581.73974609375,216.0576934814453
-0.8085559469723413,-0.08360727926194761,3.0,21.655285644216125,477.73895263671875,95.59136199951172,582.0091552734375,216.0568084716797
-0.5079724115861499,-0.10941677233423253,3.0,22.409899392508134,478.08746337890625,96.69722747802734,581.2015991210938,215.73487854003906
-0.13028903106161954,-0.33209139424291884,3.0,21.518079211984404,476.82196044921875,94.75613403320312,581.5843505859375,214.48170471191406
-0.04991456304691913,-0.2631309683441891,3.0,21.84692633837884,473.6922302246094,93.28146362304688,579.6475830078125,216.55030822753906
0.11825607030831452,-0.24608434052270087,3.0,22.440473387976972,473.0467529296875,92.72978210449219,579.6785888671875,216.3643798828125
0.27445100087367985,-0.19018219239695655,3.0,21.654503025421803,477.10308837890625,94.56775665283203,581.2329711914062,215.515380859375
0.21057162001871224,-0.21962610140887265,3.0,22.331627790585618,474.1723327636719,94.07099151611328,578.917236328125,216.9856719970703
0.1612719808674924,-0.17732791276347112,3.0,20.101333282212998,477.57489013671875,96.7818832397461,580.7062377929688,215.24505615234375
-0.12898434844358972,-0.1608173792694159,3.0,21.050776172288668,477.4417724609375,97.10102844238281,580.5348510742188,215.4867706298828
0.1444674343890924,-0.21741834086519696,3.0,19.944858413181482,474.09930419921875,94.49396514892578,579.0579833984375,215.647705078125
0.1994595803703566,-0.1851514810977969,3.0,21.475771105558515,474.5923156738281,95.44203186035156,578.3209838867188,215.3214874267578
-0.6253682808623688,-0.19000615744890234,3.0,20.519475944933124,476.6572265625,95.82249450683594,581.1041870117188,215.14988708496094
0.19247623935995084,-0.21342919186836723,3.0,20.788580491673276,473.7415771484375,92.48399353027344,578.9591674804688,215.88059997558594
0.3999764356934747,-0.1432903171872774,3.0,21.410980372138134,472.5382995605469,90.77069854736328,580.287109375,216.57176208496094
-0.015624233483276875,-0.1497945555175779,3.0,20.34558798562233,476.8832092285156,93.74303436279297,581.0018920898438,213.4949188232422
0.02618020509602395,-0.21055297789108166,3.0,21.922060545241678,477.1304626464844,93.29544830322266,580.6909790039062,212.84996032714844
0.2717156681180595,-0.25455772016300593,3.0,22.69104758607258,477.4432678222656,93.69267272949219,580.5255737304688,210.95008850097656
0.06615611727087636,-0.18368035091163712,3.0,21.694152210119068,476.8548583984375,92.99089050292969,579.8281860351562,211.50096130371094
0.14508688565864483,-0.1569736388681045,3.0,21.480060430696746,475.539306640625,91.25393676757812,580.49609375,212.6717987060547
0.11067777911038505,-0.13193539724750653,3.0,22.451644675213448,476.0381774902344,93.08851623535156,580.6709594726562,211.224609375
0.11005193625421643,-0.1834816790943172,3.0,20.97854781351753,476.4131774902344,92.71127319335938,580.3111572265625,210.70159912109375
-0.12425883540535311,-0.18794034339132787,3.0,22.57660363546326,476.52752685546875,92.16593170166016,580.4705200195312,211.52011108398438
-1.409488659568797,-0.16798660892390918,3.0,21.616223877135567,477.7794494628906,95.17984008789062,580.42822265625,210.34512329101562
-1.4163929046948276,-0.13695119484456175,3.0,21.452923605712183,477.9267883300781,95.30757141113281,580.877197265625,210.6332550048828
-0.5179542056678759,-0.09692761208619692,3.0,22.25614467037399,477.61761474609375,93.31412506103516,581.0286254882812,210.6367950439453
-0.4450664161096063,-0.06907494182560321,3.0,21.81102640638163,477.8644714355469,93.12088012695312,580.1102905273438,211.36154174804688
0.12547057370133918,-0.07485719718438326,3.0,21.837826580446304,479.7003173828125,94.00502014160156,579.7896118164062,208.61134338378906
0.39212596943213907,-0.019586484553096764,3.0,22.69804694053153,479.2102355957031,93.46302795410156,580.2872314453125,208.49070739746094
0.42754547929797493,-0.07580608148077848,3.0,21.122333460910905,479.5538024902344,93.2727279663086,580.56103515625,209.1744842529297
0.5909059110923074,-0.026713636262366818,3.0,21.993099470400082,479.8771057128906,94.02534484863281,580.6920166015625,208.28590393066406
0.2539755531487147,0.11767869698398534,3.0,21.716504693510892,478.8233337402344,92.19893646240234,580.90234375,209.4102325439453
0.06306551882583941,0.03660221970594004,3.0,21.766768901828296,480.2350769042969,92.86815643310547,580.9383544921875,207.9344940185547
-1.2820971477731837,0.010112288975139876,3.0,21.54372123602893,481.51275634765625,91.41998291015625,582.4702758789062,207.4105682373047
-1.3613999597652364,0.019270101015595353,3.0,22.71857870219911,483.7873840332031,90.98221588134766,583.5209350585938,206.97119140625
-0.9004081066530651,-0.25739851409779346,3.0,21.51178856993389,484.1887512207031,89.40129852294922,582.3494873046875,199.85166931152344
-1.444409093046352,-0.3722864845754848,3.0,22.715502721438437,490.88629150390625,89.95549774169922,587.0348510742188,195.2455596923828
-1.199743285278282,-0.052094893031367,3.0,22.32378316523405,495.8232727050781,86.41597747802734,590.900390625,197.6942138671875
-1.1839262389320833,-0.13589498515623635,3.0,21.48996541565262,504.3722229003906,85.4339828491211,598.7206420898438,196.0220489501953
-1.2956992430407634,-0.1693661263685702,3.0,22.687365448900334,507.4611511230469,85.7391128540039,606.3165893554688,195.32321166992188
-1.2154623272963656,-0.09957479420973568,3.0,21.370942923235265,511.8773498535156,79.01502990722656,611.203857421875,198.85031127929688
-1.2251451815457304,-0.20845360800377222,3.0,20.937601086240292,519.5107421875,79.49945068359375,616.7887573242188,193.90980529785156
-1.4180599103791627,-0.13725293099606775,3.0,21.205201318530204,517.8945922851562,76.44795227050781,620.1559448242188,192.6807861328125
-1.3060264491158726,-0.12234056047216904,3.0,21.03293617362699,523.3236083984375,68.69490051269531,628.6340942382812,195.1529083251953
-1.3136729172377082,-0.00307089105297037,3.0,20.53313751407451,529.3416748046875,71.54570007324219,632.7608642578125,194.55763244628906
-1.2985514885682383,-0.124658043252756,3.0,20.97162485812429,534.6152954101562,67.53544616699219,639.03125,193.9261016845703
-1.2643270722415756,-0.10778851564375808,3.0,21.33539516453108,545.4298095703125,72.59603881835938,642.4468383789062,188.03878784179688
-1.2548929572380243,-0.11713647738604521,3.0,20.2928264203707,545.663330078125,72.73011016845703,652.0043334960938,196.80958557128906
-1.2472450243775892,-0.18271628659702843,3.0,22.36985994517275,554.542236328125,75.25460815429688,658.7553100585938,195.80072021484375
-1.2680086261325012,-0.09641814936966478,3.0,22.426674794009294,565.3407592773438,79.04708099365234,663.7611083984375,193.49041748046875
-1.3399443356010674,-0.19105091554454043,3.0,21.24214492636185,578.44580078125,81.63553619384766,670.947509765625,190.84735107421875
-1.3956090629156312,-0.09431052368297606,3.0,22.24139229296695,585.417724609375,88.75961303710938,678.95947265625,194.63279724121094
-1.4066879462084154,-0.1298171189164575,3.0,21.8465849605967,585.2913818359375,87.67332458496094,686.8170166015625,202.3619384765625
-1.4601423829762679,-0.10887535168461943,3.0,20.887656060915425,597.2313842773438,90.07691192626953,697.9397583007812,204.65170288085938
-1.5728189976428117,-0.1559344734107556,3.0,21.177150127740358,602.5367431640625,98.97972106933594,701.9644165039062,208.48110961914062
-1.7193903292930666,-0.2095247313942021,3.0,21.270692287016892,608.146484375,106.1300048828125,702.8175659179688,209.32008361816406
-1.320588880272535,-0.23168542745696946,3.0,19.961089642306447,603.5230102539062,96.71345520019531,704.578369140625,208.98001098632812
-1.314836984950182,-0.3993457991473439,3.0,20.14013521819299,606.8989868164062,95.67937469482422,709.8779296875,210.14047241210938
-1.4268930830827375,-0.37218688235071584,3.0,21.199092255361304,612.164306640625,99.62045288085938,714.6831665039062,207.74984741210938
-1.8650974651695909,-0.16997465867765332,3.0,19.675679732797928,617.661865234375,118.9481201171875,715.077880859375,220.06259155273438
-1.376633906990762,-0.20389454253366557,3.0,21.073515816552113,612.6240844726562,116.72705078125,713.2450561523438,220.96286010742188
-1.6834067619083521,-0.15350087680664118,3.0,22.44815996232151,613.9476928710938,113.81317901611328,715.7175903320312,220.72657775878906
-1.3216577399760383,-0.18202839208746097,3.0,21.32151262981847,613.2611694335938,119.17955780029297,713.63427734375,221.61766052246094
-1.2668466889488994,-0.10361587484782192,3.0,19.934620704077414,610.4848022460938,116.86283874511719,713.0943603515625,230.2562713623047
-1.3070883846005419,-0.11328927487531676,3.0,20.989045853287497,610.7973022460938,110.23965454101562,712.1724853515625,220.4237823486328
-1.4062081777380375,-0.06831753881158469,3.0,20.51917479171661,608.7139892578125,113.95288848876953,710.221923828125,224.3712615966797
-1.278212128374976,-0.19658869271525117,3.0,21.54217213998829,609.5061645507812,113.8125,708.0255737304688,219.10494995117188
42.0,42.0,4.0,29.136216178666945,-1.0,-1.0,-1.0,-1.0
42.0,42.0,4.0,28.292482866547946,-1.0,-1.0,-1.0,-1.0
-1.434320239888805,-0.09590948560145965,3.0,23.01578173357624,607.6773071289062,115.74168395996094,706.2444458007812,219.55210876464844
-1.3067690715858413,-0.052969208817240016,3.0,21.439983642590605,606.8134155273438,115.47042846679688,707.6918334960938,223.5616455078125
-0.9658502304356914,-0.022159897114440334,3.0,21.34657940005904,609.3311157226562,120.72417449951172,709.1646118164062,229.51461791992188
-0.7074740699017298,-0.06867600029430934,3.0,22.725348793108118,610.3202514648438,121.70831298828125,710.0419311523438,230.6417999267578
-1.4996525082764653,-0.03962357596263494,3.0,21.684842907440245,606.3981323242188,115.94049072265625,707.537353515625,224.63755798339844
-1.3640451445179573,-0.04977501340579898,3.0,22.039093698768337,603.88623046875,115.72210693359375,705.6204833984375,223.06832885742188
42.0,42.0,4.0,28.99482223466545,-1.0,-1.0,-1.0,-1.0
42.0,42.0,4.0,28.202499983190002,-1.0,-1.0,-1.0,-1.0
42.0,42.0,4.0,29.801790535739663,-1.0,-1.0,-1.0,-1.0
-1.5056218507018233,-0.09783841317900403,3.0,21.537636782836866,601.9341430664062,113.51039123535156,701.6551513671875,219.65985107421875
-1.3307930483052828,-0.07323559839663402,3.0,22.689574587787252,597.1880493164062,116.21383666992188,699.3209228515625,219.2254180908203
42.0,42.0,4.0,27.721221654560715,-1.0,-1.0,-1.0,-1.0
-1.4310943528603919,-0.11243067173987521,3.0,22.996222401324626,592.9275512695312,115.33467864990234,693.9871826171875,214.17440795898438
-1.8658293018371448,-0.07635336108478977,3.0,21.87278823940467,588.9321899414062,113.57009887695312,690.7722778320312,212.02928161621094
-1.4738842942010766,-0.1570743063573095,3.0,21.691235183384705,584.3014526367188,116.90941619873047,685.618896484375,213.9232940673828
-1.410175355655874,-0.22420673848380893,3.0,20.617314536266935,582.923095703125,117.34290313720703,678.0173950195312,213.07296752929688
-1.2542320938135212,-0.2022223436852048,3.0,21.00775838321104,579.1212768554688,113.90497589111328,677.8320922851562,212.02902221679688
-1.2234620637368003,-0.22673088256498602,3.0,20.626541100100813,576.7659301757812,118.62574005126953,675.3721313476562,214.8559112548828
42.0,42.0,4.0,28.52724651086868,-1.0,-1.0,-1.0,-1.0
42.0,42.0,4.0,27.588841602588978,-1.0,-1.0,-1.0,-1.0
42.0,42.0,4.0,29.131157105153495,-1.0,-1.0,-1.0,-1.0
-1.4010191415120727,-0.1296221755246637,3.0,21.788252650608044,572.0466918945312,118.36009216308594,670.6647338867188,220.7192840576172
42.0,42.0,4.0,27.78034322199482,-1.0,-1.0,-1.0,-1.0
42.0,42.0,4.0,29.00183927756496,-1.0,-1.0,-1.0,-1.0
42.0,42.0,4.0,27.316625853175637,-1.0,-1.0,-1.0,-1.0
-0.9492277110177983,-0.13328721781683076,3.0,22.457895835898974,571.2490234375,111.01873779296875,674.5573120117188,216.85414123535156
-0.5507206744557748,-0.06907600709003925,3.0,20.721719669385557,574.4737548828125,109.78846740722656,678.7789916992188,214.9329833984375
-1.3803496825016952,-0.0540342069371627,3.0,22.16159780196555,574.802734375,97.63573455810547,678.0624389648438,210.5225067138672
42.0,42.0,4.0,29.439083622274943,-1.0,-1.0,-1.0,-1.0
-1.346301167965032,-0.14819985465683844,3.0,22.125357387772326,579.3248291015625,94.42192077636719,689.9232788085938,211.8438720703125
-1.1652742576054953,-0.04932014549161344,3.0,22.593142826362143,582.8909912109375,97.8455810546875,692.7815551757812,216.02928161621094
-1.1817353894613296,-0.059222311056746066,3.0,21.45841135361349,586.3404541015625,93.84676361083984,698.9473876953125,221.27334594726562
-1.2118434908491116,-0.14178962591301772,3.0,21.963731573848612,592.9163818359375,91.34814453125,703.1121826171875,215.6455078125
42.0,42.0,4.0,29.268780137191825,-1.0,-1.0,-1.0,-1.0
-1.2842111650464887,-0.08960045697906192,3.0,21.983762336797856,603.5734252929688,89.56047821044922,719.6786499023438,228.52638244628906
-1.2643814007278131,-0.1787758734481472,3.0,21.84192053325001,609.9242553710938,95.03216552734375,720.9918212890625,223.96449279785156
-1.305871719456539,-0.11386345240633783,3.0,22.06077054569362,615.2927856445312,100.66715240478516,727.6647338867188,226.34024047851562
-1.0920350639413898,-0.12794411772180478,3.0,21.85899520533667,621.1746826171875,101.4728012084961,736.2471313476562,226.5248565673828
-1.290679717018182,-0.21785030559400778,3.0,22.350191566797932,632.2891845703125,109.23834991455078,741.138427734375,224.3482666015625
-1.2633217289300707,-0.1544630769084868,3.0,21.483911284126414,630.158447265625,110.27375030517578,738.254150390625,234.64242553710938
-1.2729559804895414,-0.056932791467604944,3.0,22.2019521903915,632.2409057617188,112.13574981689453,739.7596435546875,236.36915588378906
-1.2165572859785518,-0.033590450829169435,3.0,21.594521958502806,634.2747192382812,112.91287994384766,743.2647705078125,238.9577178955078
-1.2139969229065495,-0.12756381831814145,3.0,21.350165179457683,629.7499389648438,110.26456451416016,746.5128173828125,240.4214630126953
-1.219493421080364,0.06742484721419012,3.0,21.887055532943005,627.2603759765625,108.95984649658203,743.9756469726562,238.6149139404297
-1.2172965794971577,-0.06367138797383244,3.0,22.421160106698597,615.46826171875,113.23344421386719,735.11474609375,246.1689453125
-1.1218825750165073,0.08214919856512923,3.0,21.536752057755802,611.5647583007812,111.9478988647461,734.3868408203125,245.46119689941406
-1.1506989101175462,-0.09815772619370453,3.0,22.827262287676675,606.726318359375,116.8560562133789,732.0274047851562,259.2041320800781
-0.9818050953683016,-0.13773043577951896,3.0,22.69018831383114,607.3123168945312,119.77338409423828,722.4921264648438,249.25909423828125
-0.7130049228536063,-0.258962588605997,3.0,21.736424788300287,601.7687377929688,123.5467758178711,711.962158203125,255.0374298095703
0.23361302345396878,-0.23717446877973175,3.0,22.488842182020953,595.1965942382812,133.46453857421875,706.1007080078125,249.06973266601562
0.7611444890339876,-0.07968470929236988,3.0,22.44167406820833,587.021728515625,133.0947265625,701.3327026367188,260.9734802246094
0.7701166787464646,-0.036263465615281966,3.0,21.753560499974068,585.9844970703125,136.48988342285156,699.1212158203125,254.21261596679688
0.8134196780711531,-0.07749852035352385,3.0,22.776067856250748,586.8289794921875,141.31434631347656,695.0628662109375,256.2714538574219
0.8894292250592135,-0.08977010034049995,3.0,21.302129042743378,585.1964111328125,139.0011749267578,695.2993774414062,255.10342407226562
0.7701052271537773,-0.030163761454564474,3.0,22.02034923401619,589.25146484375,142.19483947753906,697.3349609375,260.269775390625
0.6901456796369112,-0.08209966376885375,3.0,22.66162391130514,590.5896606445312,143.1296844482422,694.4154052734375,265.2976379394531
0.6649804052323165,-0.004639759251136049,3.0,21.57408417089304,593.3660278320312,140.99118041992188,702.446533203125,264.1995544433594
0.7534588724441279,-0.05109168024873415,3.0,22.286063452761113,592.0728149414062,142.17665100097656,704.0322875976562,268.36279296875
0.8239522138663073,0.02579005199632734,3.0,22.41948226188376,591.7883911132812,144.17391967773438,703.0997924804688,264.8050842285156
42.0,42.0,4.0,27.34672534637327,-1.0,-1.0,-1.0,-1.0
42.0,42.0,4.0,29.93622062979987,-1.0,-1.0,-1.0,-1.0
0.733392486262599,0.020788369153049525,3.0,21.936965867843806,593.3306884765625,139.0400848388672,703.09423828125,259.243896484375
0.804717000260992,-0.053966296329365684,3.0,22.525558264680292,592.3305053710938,141.24215698242188,699.5608520507812,257.50177001953125
42.0,42.0,4.0,27.73166893669915,-1.0,-1.0,-1.0,-1.0
42.0,42.0,4.0,28.072069177843815,-1.0,-1.0,-1.0,-1.0
42.0,42.0,4.0,27.599007718476308,-1.0,-1.0,-1.0,-1.0
42.0,42.0,4.0,26.800835788088104,-1.0,-1.0,-1.0,-1.0
42.0,42.0,4.0,27.782919445971636,-1.0,-1.0,-1.0,-1.0
42.0,42.0,4.0,27.81792979035264,-1.0,-1.0,-1.0,-1.0
0.25085725782834084,-0.14927097804726833,3.0,22.35674384887638,588.0256958007812,142.16607666015625,691.752197265625,250.61668395996094
0.513691017394877,-0.09154776036812785,3.0,21.060712115810457,587.6074829101562,141.9476776123047,691.3029174804688,250.6251220703125
0.22829575602151655,-0.12117196538584228,3.0,22.021158520898634,587.6943359375,141.7689208984375,692.862060546875,251.18069458007812
0.1865198132658796,-0.11584431162513877,3.0,22.806657712865743,587.6962890625,141.4811553955078,692.8800659179688,251.4246826171875
0.20593132813535817,-0.0886888569379278,3.0,21.719428521124936,587.472412109375,141.43756103515625,692.6633911132812,250.5699462890625
0.5656642039644274,-0.041241712640967085,3.0,22.799219425223,586.8529052734375,140.99020385742188,692.5516357421875,251.2602996826172
0.6000458799534594,-0.07502204685585916,3.0,22.382394219634673,585.7328491210938,139.20213317871094,693.6043090820312,252.94866943359375
0.26982615532464826,-0.06552681230529064,3.0,21.966032103485297,584.504638671875,138.75595092773438,696.3019409179688,254.95767211914062
0.01375602597858629,-0.07891718626620906,3.0,22.74284660806949,584.285400390625,138.15200805664062,695.2611694335938,256.1621398925781
42.0,42.0,4.0,28.82564292881393,-1.0,-1.0,-1.0,-1.0
0.5565692425256978,-0.04010587443604829,3.0,22.07900277941548,586.4176025390625,141.63685607910156,691.6060180664062,253.88668823242188
0.5691697229072987,-0.004088218589380638,3.0,22.14322896044178,585.9580688476562,141.51922607421875,691.5470581054688,254.2616729736328
0.4863121234922085,-0.13844442926776918,3.0,21.29758604230773,584.8958129882812,141.7323455810547,690.5811767578125,253.2297821044922
0.5281980548008657,-0.12230940148741512,3.0,22.603857574761395,584.0762939453125,141.33094787597656,689.64990234375,251.9088897705078
0.622047851615258,-0.07338367015324242,3.0,22.379886241155944,582.8885498046875,140.38925170898438,689.5806884765625,251.27001953125
0.7391007057430747,-0.12328864582023727,3.0,21.26864294189832,581.2626342773438,139.86257934570312,689.2078857421875,252.6434783935547
0.31005959517691134,-0.16586167269013494,3.0,20.489204134669873,581.7386474609375,141.0475616455078,687.8012084960938,253.35350036621094
0.3922223758635999,-0.15322896805934408,3.0,22.201247075512647,580.7967529296875,141.39463806152344,686.399169921875,254.13690185546875
0.3807532063130647,-0.09843842337259888,3.0,21.24322079395468,579.8013916015625,139.2608184814453,686.7587890625,254.21771240234375
0.2793735878325823,-0.04012797867309595,3.0,22.52930907606448,579.6154174804688,135.2730255126953,689.1663818359375,254.93814086914062
0.7496204583649968,0.013954431479797193,3.0,22.449601781279437,578.58203125,133.32308959960938,689.0466918945312,253.73135375976562
0.7744757408187064,-0.15068751343108147,3.0,21.741044261640774,578.6848754882812,130.92428588867188,690.4765625,252.7460174560547
0.9006549816861156,0.010108027917395748,3.0,22.45296674589409,578.9344482421875,131.5465545654297,688.3211059570312,252.81686401367188
0.49954510463270313,-0.06949412338118169,3.0,21.080930026839297,576.7009887695312,132.32020568847656,689.864013671875,254.17440795898438
0.5126707603812677,-0.04391605900762466,3.0,21.284616711831035,577.8059692382812,133.29176330566406,689.9078369140625,254.6450958251953
0.7955839556186745,-0.05254257041060932,3.0,22.58280299359285,577.9212036132812,134.4285125732422,689.63037109375,254.09249877929688
0.4603763965842538,-0.08150497989743904,3.0,21.72505347995214,578.5975341796875,135.89852905273438,689.2086791992188,253.8651885986328
0.5951611098820361,-0.17518460071817532,3.0,22.398889215241248,580.1375122070312,133.1747589111328,690.4060668945312,254.83950805664062
42.0,42.0,4.0,29.00304254024451,-1.0,-1.0,-1.0,-1.0
0.4420605061872338,-0.022246449849867907,3.0,21.2254829029336,577.8577880859375,133.1796112060547,685.6654663085938,252.26937866210938
0.2513073320525643,-0.09931673390010701,3.0,22.683071132286692,575.944580078125,128.30029296875,683.9830322265625,248.30905151367188
42.0,42.0,4.0,28.26026668104058,-1.0,-1.0,-1.0,-1.0
42.0,42.0,4.0,29.309071597277544,-1.0,-1.0,-1.0,-1.0
42.0,42.0,4.0,29.488757962231254,-1.0,-1.0,-1.0,-1.0
0.1073895741124642,-0.01757579793008694,3.0,21.181962800422195,558.6075439453125,107.19572448730469,674.0588989257812,229.8599853515625
-0.04692649630385023,0.007029946329482165,3.0,22.642539408335132,554.791015625,106.39137268066406,664.9078979492188,223.7136993408203
0.15218207943483394,0.10437993576456567,3.0,21.752432320298723,549.1464233398438,102.17021179199219,655.8880004882812,218.10984802246094
-0.06617129728908983,0.07668199516330555,3.0,21.50230438371193,542.1460571289062,92.14167785644531,647.9027099609375,212.8235321044922
0.05619136742012689,-0.02114549905522915,3.0,22.30989032031574,533.4049682617188,89.65910339355469,642.8115234375,201.27101135253906
0.010582336907538861,0.018830945751841285,3.0,21.221079899619525,525.2733764648438,77.97396850585938,630.7928466796875,195.51402282714844
0.06254114240720282,-0.025158616501869555,3.0,22.748767457627117,522.5791015625,81.07630157470703,623.1083984375,189.73330688476562
-0.03534334345865958,-0.07208458017350176,3.0,22.381797030918154,514.145751953125,67.06712341308594,614.6932983398438,188.53271484375
-0.11018509430872038,-0.06467353549202925,3.0,20.785180853647056,513.2582397460938,64.85968780517578,612.0201416015625,181.9596405029297
0.13374368362767033,-0.08201896998782435,3.0,22.386455948206386,506.4239501953125,56.50693893432617,607.76953125,177.32981872558594
0.13633094462668233,-0.2711393600581663,3.0,22.06309144946214,501.1790771484375,54.08931350708008,601.8618774414062,174.9070587158203
0.18440366546370263,-0.23620667603959697,3.0,21.840896901150288,496.2464599609375,48.768638610839844,595.0236206054688,167.4337158203125
0.08137075657849906,-0.2979291627277094,3.0,20.868637616550405,494.764404296875,46.40526580810547,593.4208374023438,164.6865997314453
-0.022136461296847636,-0.24044935797220218,3.0,21.225912562056244,492.0229797363281,43.49498748779297,589.6912841796875,162.21749877929688
0.26934572106399796,-0.2437503461433554,3.0,19.70637098289795,489.9983825683594,39.84317398071289,584.9886474609375,157.7725067138672
0.1506544902335645,-0.19413831819626928,3.0,21.030826931948095,490.2247314453125,37.966758728027344,582.367431640625,155.9126434326172
0.035506062601263426,-0.1874210269787624,3.0,20.748371267023167,487.84173583984375,34.6320686340332,581.1786499023438,154.70370483398438
0.24765374135308454,-0.24411546552880528,3.0,21.029245278288904,486.7961120605469,34.517555236816406,580.7266845703125,153.6820526123047
0.2311935416036318,-0.23388173640795779,3.0,22.341738843256948,488.3626708984375,37.90080642700195,577.5888671875,151.47195434570312
-0.7543126818896073,-0.17864857434804143,3.0,22.530156206355688,479.66119384765625,38.232906341552734,575.4474487304688,162.4482879638672
-0.39034324939844,-0.18416531254614052,3.0,21.416118622605286,481.2371826171875,36.636478424072266,570.8154907226562,151.9252166748047
42.0,42.0,4.0,29.619535895371666,-1.0,-1.0,-1.0,-1.0
42.0,42.0,4.0,28.39533954817177,-1.0,-1.0,-1.0,-1.0
42.0,42.0,4.0,29.57817833065358,-1.0,-1.0,-1.0,-1.0
42.0,42.0,4.0,28.361354538569728,-1.0,-1.0,-1.0,-1.0
-1.9750218360075928,-0.0077284934834099496,3.0,22.76889670596921,484.014892578125,16.350223541259766,583.2777099609375,134.34690856933594
-0.8254379914384625,-0.4231219687273533,3.0,22.19173240636392,484.46856689453125,25.819141387939453,579.7680053710938,137.41558837890625
-0.6362249233621858,-0.023123162480721993,3.0,21.219469501120596,483.209228515625,23.921499252319336,581.605224609375,137.18069458007812
0.5118185488324424,-0.29322894971982855,3.0,22.530519281697025,480.4820251464844,24.520116806030273,579.9750366210938,134.06954956054688
0.9786637637044985,-0.1971407660092246,3.0,21.785423418931273,475.75067138671875,20.68764305114746,579.3195190429688,134.21603393554688
-0.45009632846043895,-0.19236332132973147,3.0,20.65427040655531,475.8332824707031,20.544198989868164,575.849853515625,133.0485076904297
-0.1627247352421306,-0.081940406735667,3.0,22.16581406164123,475.22760009765625,18.20465087890625,574.7675170898438,133.0048065185547
-0.0533822651023113,-0.0945406208011589,3.0,21.33127190060368,475.91314697265625,17.10722541809082,572.5811767578125,130.9700164794922
-0.03860518316178863,-0.17831381499901847,3.0,21.023553294403648,475.01226806640625,16.695466995239258,569.7368774414062,126.92579650878906
-0.06615292147756828,-0.19736953154686243,3.0,21.008284497871276,474.4315490722656,15.804621696472168,567.2431640625,127.38948059082031
-0.010032926774655514,-0.5959382202881212,3.0,19.317729202936597,472.7813720703125,15.677705764770508,565.6779174804688,128.23294067382812
0.07653472235502416,-0.49177772899737804,3.0,20.9771838396367,470.26318359375,14.192829132080078,565.5892944335938,130.6236572265625
-0.0077604514164909,-0.4020161507723664,3.0,21.96683740271711,463.6930236816406,12.137392044067383,563.72705078125,145.24591064453125
-0.031761125476394,-0.3483433347951274,3.0,23.602887964750174,461.8389892578125,13.360756874084473,560.3366088867188,147.97750854492188
0.01553128916123311,-0.3659207306218684,3.0,21.747808006802828,460.8316345214844,14.15051555633545,558.5171508789062,147.83761596679688
0.03541524880809172,-0.3094974018707956,3.0,22.999122653097036,459.6233825683594,15.342663764953613,557.9680786132812,146.34439086914062
-0.09989410722443619,-0.19442194485236272,3.0,23.231606874816524,458.2554931640625,15.45549201965332,558.1965942382812,146.93812561035156
0.04363935657036542,-0.4277979469693145,3.0,22.1078642209572,459.45880126953125,17.064411163330078,557.1754150390625,149.23133850097656
-0.11123970610039176,-0.25523283149934106,3.0,23.346436224986782,458.6657409667969,17.296926498413086,555.46728515625,149.3263702392578
-0.0028019117828723666,-0.17059277836666073,3.0,22.395540438801174,457.5284729003906,18.128190994262695,553.1979370117188,152.04820251464844
0.03977004982258929,-0.058150388717989165,3.0,23.32488419038933,456.6925964355469,19.01993751525879,553.7926025390625,151.1793975830078
0.01093387417142932,-0.03433640225050062,3.0,22.414330451139875,455.852783203125,20.862010955810547,553.4013061523438,150.906982421875
0.10869159356940394,-0.03113528262022538,3.0,20.93540642391874,456.2844543457031,21.551485061645508,553.811767578125,152.0023193359375
0.19979407340327057,-0.026259833612617318,3.0,21.809552037022595,455.33526611328125,22.54287338256836,554.0113525390625,153.641845703125
0.153763997122341,0.0418071017403909,3.0,22.926835134440783,453.3445129394531,22.695898056030273,553.5916748046875,155.96376037597656
0.11319686318549099,0.06285912384135828,3.0,22.482935327383345,452.8052673339844,23.735633850097656,554.8892211914062,157.45748901367188
0.24074097411156586,0.08566457120403381,3.0,22.335671113241208,452.8252868652344,24.375276565551758,556.0009765625,156.8729705810547
0.2575130300246669,0.07747987822589329,3.0,22.464992715742564,453.5368347167969,24.729644775390625,556.8782958984375,159.00869750976562
0.3498349713216808,0.0789185178467541,3.0,21.94350767234659,454.6880798339844,25.161035537719727,556.4237670898438,158.04507446289062
0.2878179390170056,-0.006881075624546736,3.0,22.986896117063548,455.0858459472656,24.344497680664062,557.0897216796875,156.3215789794922
0.4143282108079117,0.06893193007506596,3.0,21.53509339412423,454.2623291015625,25.020170211791992,557.9195556640625,158.9983673095703
0.36843555363923025,0.0929712199707752,3.0,21.17533257604443,454.305908203125,26.03217887878418,557.4566040039062,158.4400177001953
0.19873227107665595,0.05774265875509804,3.0,22.27186270397137,455.5397644042969,26.77121925354004,557.5240478515625,155.5016326904297
0.14949974358490611,0.002841326567005539,3.0,22.044074441974256,458.979736328125,27.527257919311523,557.0424194335938,151.66163635253906
0.1818379760695203,-0.007717041890722608,3.0,23.423621853760967,462.12396240234375,26.453975677490234,554.8218383789062,139.72494506835938
0.128523088942788,0.02968625667111327,3.0,23.138817324719888,460.80120849609375,25.287351608276367,556.64453125,139.0262451171875
0.134539702477495,-0.0056296562283185015,3.0,21.088985650070896,461.47943115234375,25.302284240722656,559.0928344726562,141.70448303222656
0.12091363876010458,-0.0259431837590069,3.0,20.79321815432665,461.837158203125,24.78644561767578,560.9674072265625,142.9959259033203
0.18270084026270597,-0.038779886529297834,3.0,22.023818025246268,462.06304931640625,24.181413650512695,562.551025390625,142.47454833984375
0.05600840825323844,-0.050421895234579225,3.0,21.0749982413651,461.8145446777344,24.566486358642578,561.486328125,141.4401397705078
0.04921654852520936,-0.041720549004963324,3.0,21.32151262981847,462.3519287109375,25.2886962890625,560.73193359375,141.1436004638672
0.08337345371823865,-0.06959718771536776,3.0,21.522937662924114,462.6257019042969,25.030820846557617,561.3062133789062,142.04977416992188
0.14794285961164583,-0.054474427465352804,3.0,21.02935071446478,462.50830078125,24.517568588256836,561.5159301757812,142.01219177246094
0.10545159178721356,-0.08822653217269004,3.0,21.95717770727979,462.1829528808594,23.758264541625977,561.3117065429688,142.09112548828125
0.1445345460485624,-0.0679484246844997,3.0,20.89566872253719,461.620849609375,23.603029251098633,560.7277221679688,141.74935913085938
0.10807587072537762,-0.05350450419634594,3.0,20.523994304196986,462.2642822265625,23.39480209350586,559.9260864257812,143.07620239257812
0.1785175468224095,-0.07650702547968735,3.0,21.381183475388443,462.2637939453125,23.553529739379883,557.87939453125,141.99095153808594
0.17699049025335806,-0.027652666862728763,3.0,21.605089242022306,462.702392578125,24.41645622253418,558.47021484375,142.30670166015625
0.22374760951187925,-0.05340410302324996,3.0,20.384943257758014,462.29949951171875,23.797073364257812,558.99072265625,143.43780517578125
0.23032135634663087,-0.0626985352276265,3.0,21.84271675788838,462.58892822265625,24.16944694519043,558.8990478515625,143.6887664794922
0.28275926452640004,-0.07316608989218294,3.0,22.09156220372906,463.292724609375,24.166994094848633,559.6622924804688,143.19952392578125
0.28953727581676075,-0.07496425626020445,3.0,21.545049209969385,463.9847412109375,24.828659057617188,559.8932495117188,142.86761474609375
0.3248230949958746,-0.10663083951790063,3.0,22.091678561458767,464.505859375,24.9556941986084,560.5397338867188,143.23851013183594
0.2538999193737564,-0.12521730708167264,3.0,22.41025860226544,465.3551940917969,24.953235626220703,561.2103271484375,143.4441375732422
0.34293818304670254,-0.12759124887736928,3.0,21.258509883426253,465.98773193359375,24.447731018066406,561.8169555664062,143.60589599609375
0.2751516785564797,-0.11444162467899402,3.0,22.148724718804456,466.55853271484375,24.108564376831055,562.9429931640625,144.57261657714844
0.3102129932556999,-0.11989071858540515,3.0,21.520508163244365,466.412109375,23.976892471313477,563.9677124023438,145.77365112304688
0.2637546806714856,-0.1336890888253237,3.0,21.767672626307185,467.3209533691406,25.021146774291992,563.6123046875,146.229736328125
0.10822926880416618,-0.09436511848532268,3.0,22.471492097508705,467.47918701171875,26.41385269165039,564.9307250976562,147.11647033691406
0.129262382461394,-0.09959237107293022,3.0,22.349357915489957,468.3331604003906,26.611547470092773,565.0798950195312,148.52297973632812
0.10325714704898825,-0.09366843554415796,3.0,21.140325499110396,468.61822509765625,26.780675888061523,565.1863403320312,148.84771728515625
0.11849309164533157,-0.13116148263472951,3.0,22.0816762747111,469.0754699707031,26.796541213989258,565.2811889648438,148.97471618652344
0.12539627150692598,-0.1285361384321294,3.0,21.49877751864476,468.7189025878906,26.735546112060547,565.6905517578125,148.9683380126953
0.07678745634247269,-0.13004455287355027,3.0,21.468955703653656,467.81695556640625,25.44169044494629,566.0015258789062,149.9597930908203
0.11543977745555573,-0.13599618527765933,3.0,21.321729405485094,467.5975036621094,24.64368438720703,566.1298828125,149.4795379638672
0.10806921282265242,-0.18330857362346206,3.0,21.47555118634348,466.3004455566406,23.470230102539062,565.9972534179688,149.75924682617188
0.08329489046608131,-0.2162508110433062,3.0,21.706502163247563,466.0584716796875,23.175392150878906,565.4588012695312,150.0072479248047
0.11656443038389619,-0.1635140961892301,3.0,22.174368626124103,465.79693603515625,22.71371078491211,565.0335693359375,148.34088134765625
0.10162675982964174,-0.10791261895055576,3.0,20.94063256696373,465.0945739746094,21.468658447265625,564.7628173828125,147.209716796875
0.1279691514360515,-0.0396627244306591,3.0,21.468845813264267,464.94232177734375,20.957704544067383,565.2000122070312,146.35891723632812
0.16708619415935339,0.007568171185787179,3.0,22.366758388259637,465.263916015625,20.231243133544922,567.3470458984375,147.0673828125
0.177290894824319,0.04365640080134193,3.0,21.570977463716687,465.5709228515625,20.764310836791992,566.3663330078125,145.63482666015625
0.18017642986541987,0.04928685597798745,3.0,21.859450895369925,465.69635009765625,20.855302810668945,565.9956665039062,144.7969207763672
0.1460472215477274,0.04702929432192729,3.0,21.92905205811771,466.52496337890625,20.992176055908203,566.0537719726562,144.8130645751953
0.21828067242616458,-0.0030762173751505283,3.0,21.44765800777255,467.612060546875,21.031553268432617,565.8115844726562,145.2634735107422
0.11918178510322607,-0.08165251902182945,3.0,22.37236567685636,467.4951171875,20.945743560791016,566.6698608398438,145.5568389892578
0.0976290887173238,-0.07235835313356191,3.0,22.03944111944259,467.07550048828125,21.37030792236328,567.2977294921875,145.8651580810547
0.1157548294125121,-0.06766799382171435,3.0,21.46851614884578,468.0237731933594,21.306865692138672,566.7628173828125,145.27427673339844
0.12485485085731286,-0.061472682177863024,3.0,22.35590970871199,468.2108154296875,22.026378631591797,566.9569702148438,145.3716278076172
0.09542212712197513,-0.0644732657780553,3.0,22.46270679027222,468.50994873046875,22.89882469177246,566.8750610351562,145.7078399658203
0.09308626852986664,-0.06266258255291043,3.0,21.515761179023396,468.5589904785156,24.197891235351562,566.7601318359375,145.24325561523438
0.0787544671236052,-0.0574185520504354,3.0,22.313450939501628,469.3670654296875,25.421218872070312,566.1331176757812,146.14918518066406
0.11735405764710469,-0.05460252551378561,3.0,21.507707138974638,468.556884765625,25.14162826538086,565.7970581054688,148.16433715820312
0.15673395436999737,-0.080394441722876,3.0,21.61900932941601,469.2967834472656,25.68262481689453,565.5321044921875,148.64779663085938
0.14313718542459783,-0.07082756813898436,3.0,21.337131752580465,469.21014404296875,25.830068588256836,565.626220703125,149.10427856445312
0.09196800718814237,-0.06525863198351967,3.0,20.961144233604365,468.6648254394531,25.89410400390625,565.3729858398438,149.2332305908203
0.10307445419820882,-0.05763559967927685,3.0,22.46294739209837,468.63623046875,26.0407657623291,565.1197509765625,149.09986877441406
0.13103871090847685,-0.07176446821047425,3.0,22.6405838407393,468.0884704589844,25.9672794342041,564.841064453125,149.5442352294922
0.09653905688315437,-0.07481005923308885,3.0,22.293526097586902,467.5233154296875,26.14908790588379,564.7613525390625,149.9644775390625
0.05084081047404869,-0.06172461721698452,3.0,22.258270624820895,467.2511901855469,26.036685943603516,564.6043701171875,150.13694763183594
0.05814213291860992,-0.06068704965628965,3.0,21.8959677587755,466.9351806640625,26.437936782836914,563.4515380859375,149.0864715576172
0.03633510464860509,-0.03988909312331584,3.0,22.252130086476736,467.44000244140625,27.45420265197754,562.8635864257812,149.41168212890625
0.02568885187490433,-0.03659449653877881,3.0,20.242193758867987,466.8331604003906,27.2672176361084,562.4398803710938,149.48028564453125
0.026169552451663636,-0.03869253484554323,3.0,22.92219914744781,466.5337219238281,27.783905029296875,561.8392944335938,148.835205078125
-0.04401379701963056,-0.010757572907266075,3.0,22.522776211572022,467.4666442871094,28.124799728393555,563.0140991210938,148.84170532226562
-0.06239706539222953,-0.03655534807075465,3.0,21.413385203677894,466.9776611328125,28.446191787719727,562.4204711914062,148.7330780029297
-0.05552158240597196,-0.037424071218338496,3.0,21.68405815083649,466.8224792480469,28.20140266418457,562.599853515625,148.80250549316406
-0.037383857485878295,-0.0027427896066726074,3.0,21.050247927247906,466.18170166015625,28.463621139526367,561.982177734375,149.20034790039062
0.0013872406118222752,-0.014904913672846472,3.0,21.156427173496358,466.5945739746094,28.92121696472168,561.7156982421875,148.93130493164062
-0.015454057489620811,0.009019860295989371,3.0,20.046571204618886,466.4486999511719,29.57181739807129,560.8579711914062,149.2891845703125
-0.027763986996294072,-0.025803634117886748,3.0,19.432738594402256,466.092041015625,29.434343338012695,561.0982666015625,149.3326416015625
0.024805747657434058,-0.029598372355140654,3.0,22.48462268348513,465.76568603515625,29.565509796142578,560.6430053710938,149.28424072265625
0.027683559531373678,-0.03281893306137348,3.0,23.17909721915204,465.1947326660156,29.094482421875,560.837158203125,149.77821350097656
0.07608118602138367,-0.26185850997534915,3.0,22.062511177739204,465.3548889160156,28.521137237548828,560.41845703125,150.0332794189453
0.22073397642234557,-0.4779255629034399,3.0,23.45086243046043,465.0059814453125,27.74119758605957,560.0819702148438,149.53530883789062
-0.018085793278837112,-0.3973923704877708,3.0,22.61677747760864,464.5216369628906,27.80643653869629,560.0853881835938,149.5931396484375
0.19359902807552823,-0.31004734463589695,3.0,22.95820857942012,465.31549072265625,29.352357864379883,560.0184936523438,149.43145751953125
0.19692584890925524,-0.31441093408199183,3.0,23.215790464171455,465.6412048339844,29.57457733154297,559.97802734375,149.2958984375
0.06777638447808057,-0.22715512412663566,3.0,22.181522026548205,465.6624755859375,29.820541381835938,559.5804443359375,149.18882751464844
0.171307570803238,-0.16817782389017685,3.0,23.049045737554472,465.6096496582031,29.56100845336914,559.6124267578125,149.6768341064453
0.21789930775806524,-0.12760776047612776,3.0,22.97002721811182,465.139404296875,29.543304443359375,559.6615600585938,149.47384643554688
0.18463269731744947,-0.07474134967696482,3.0,22.375349422785565,465.28704833984375,29.223094940185547,560.0588989257812,149.61764526367188
-0.09598005937034673,0.04720399768943648,3.0,23.224917633378553,465.10028076171875,29.493486404418945,560.1770629882812,149.3004608154297
-0.22399874560267372,0.10556690666241399,3.0,22.07087003651901,465.5434875488281,29.43988800048828,560.2384643554688,149.09336853027344
-0.2092469636925068,0.09944456563243081,3.0,22.835962127935275,465.04229736328125,28.867443084716797,560.6970825195312,149.1243133544922
-0.2388394770932493,0.0718137366906407,3.0,23.32981427609952,464.377685546875,28.36202621459961,561.142822265625,149.30776977539062
-0.2159581296395065,0.09627859972854462,3.0,21.664345777979793,464.64300537109375,28.691028594970703,560.9674072265625,149.6035614013672
-0.21861756230405963,0.11728028808490948,3.0,22.07063776047148,464.41998291015625,28.538816452026367,560.9965209960938,149.7482147216797
-0.2667083926364925,0.04595044776433618,3.0,21.98214931474542,463.66754150390625,28.48704719543457,562.0029907226562,150.45083618164062
-0.27315643826779235,0.04976649129031072,3.0,21.254308575598337,463.9202575683594,28.387556076049805,562.046142578125,150.33590698242188
-0.2809959855686586,0.047098003878051325,3.0,22.194080949080075,463.80096435546875,28.302383422851562,562.03955078125,150.30162048339844
-0.2583090488744916,0.05444193690005383,3.0,21.995521503600102,463.4985656738281,28.24925422668457,561.7086181640625,150.193359375
-0.2728150210160442,0.06565357877317841,3.0,20.704535020905425,463.53912353515625,28.093036651611328,561.6504516601562,150.0703125
-0.31153045904696214,0.0720960317661891,3.0,21.986528068271767,463.4704284667969,27.74039649963379,561.9100341796875,150.0982666015625
-0.28628662139021,0.10758638171702106,3.0,22.58426216091063,464.0771789550781,28.032386779785156,562.0343627929688,150.0035400390625
-0.2534687535932726,0.13306271333693706,3.0,22.145450321545106,463.7545471191406,28.08465003967285,561.7665405273438,150.0756378173828
-0.28221091965795275,0.1138887524366936,3.0,23.000762249458475,463.7999267578125,28.24893569946289,561.6929321289062,149.83285522460938
-0.2680274563244087,0.13267548971443954,3.0,22.2948296115963,463.8861999511719,28.256107330322266,561.8518676757812,149.96299743652344
-0.28604613794377587,0.1284961910157782,3.0,23.208596629076702,463.85528564453125,28.33233070373535,561.5037841796875,149.95091247558594
-0.2917383784577112,0.12423912801328654,3.0,23.194222325447647,463.9507141113281,28.60392951965332,561.0648803710938,149.62155151367188
-0.3164639649663339,0.1422154653713214,3.0,22.115557805266434,464.1351013183594,27.7382755279541,562.554931640625,150.2484893798828
-0.31352463407121345,0.11058643268499534,3.0,23.375060606905006,464.4510192871094,27.413259506225586,562.5131225585938,150.1883544921875
-0.3114566894847669,0.14989682090343695,3.0,22.649753484428746,464.3409729003906,27.228113174438477,562.1885375976562,149.81224060058594
-0.3402798156465855,0.15676964072860441,3.0,22.385500114748062,464.4294128417969,27.179229736328125,561.5033569335938,148.7739715576172
-0.3535937568842186,0.1270410397961589,3.0,23.238557474416723,464.654296875,27.400609970092773,561.729248046875,148.87466430664062
-0.33408743347993325,0.11873756983340085,3.0,21.485672134170706,464.49957275390625,27.584272384643555,561.688232421875,148.608642578125
-0.3339529438448842,0.12418693005592099,3.0,20.655592709508074,464.5181884765625,27.554676055908203,561.9630126953125,148.86483764648438
-0.33290339205928404,0.14483894536115843,3.0,21.062510043387434,464.5560302734375,27.508180618286133,562.1902465820312,148.82322692871094
-0.33396253122480857,0.15835235736443853,3.0,21.48853413119659,464.3940124511719,27.357526779174805,562.17822265625,148.61830139160156
-0.34215388210567427,0.14691061837313107,3.0,22.353884198857337,464.1380310058594,27.057558059692383,562.2765502929688,148.56658935546875
-0.3641731643145584,0.13721431516026159,3.0,23.363081876263738,463.8147888183594,26.715557098388672,562.44775390625,148.84976196289062
-0.3768428868845014,0.1366430671064396,3.0,22.21888839446528,463.9438781738281,26.960006713867188,562.3893432617188,148.89144897460938
-0.2627458752505636,0.12254855335330424,3.0,23.395008980265725,463.7314453125,25.944942474365234,563.8314819335938,150.31057739257812
-0.27934083095117435,0.13207974057858884,3.0,22.80554166032319,463.9248046875,26.168426513671875,563.925537109375,150.3338165283203
-0.12041163289462466,0.0906686508922927,3.0,22.306212207431674,463.96112060546875,26.735027313232422,564.1326293945312,150.62991333007812
0.16801936580531715,0.004215251373377418,3.0,22.87706514091229,464.2883605957031,28.737823486328125,563.3566284179688,150.72238159179688
0.37522448389006025,-0.1269201322826693,3.0,21.816812396294427,462.43292236328125,31.300968170166016,559.4103393554688,151.45582580566406
0.5443895415963295,-0.35491601636544295,3.0,22.623120944557414,460.1122131347656,32.43758010864258,558.237060546875,152.3595733642578
0.610655114788008,-0.41357746569661835,3.0,23.32644083444099,458.751953125,33.99219512939453,554.9205932617188,151.96514892578125
0.6087328451131888,-0.44745234213020824,3.0,22.304077085471494,458.4700927734375,34.624507904052734,554.7149658203125,150.23492431640625
0.6242510847850806,-0.5182751165792305,3.0,23.25376030514883,457.3436279296875,34.12505340576172,553.7313232421875,151.10275268554688
0.678977180973446,-0.5394882599261476,3.0,22.5059775493121,457.2462158203125,34.55014419555664,553.4462280273438,151.9267578125
0.6279424923720395,-0.5427985691611161,3.0,22.314400629907855,457.5594177246094,34.57463455200195,552.4821166992188,152.18063354492188
0.7097271041839368,-0.6585102553639689,3.0,23.62176378821926,458.2056884765625,34.534034729003906,551.8900756835938,151.6869354248047
0.9272322641006704,-0.7176159199649695,3.0,22.106582477296804,457.8231506347656,35.31595230102539,550.7053833007812,154.13568115234375
0.8554323758476982,-0.7409848922143059,3.0,21.6675913728529,457.81109619140625,35.84958267211914,551.203857421875,154.4969940185547
0.72304370858266,-0.5309083538422393,3.0,23.38835574043818,456.1369323730469,36.41496658325195,555.3483276367188,155.60162353515625
0.7894064871541265,-0.6188179698452099,3.0,21.728317291254392,455.61749267578125,36.81586837768555,555.0996704101562,155.349365234375
0.8923176895775135,-0.5282289474695105,3.0,23.442473968667386,455.661376953125,37.28803253173828,554.5609130859375,155.15232849121094
0.8375058396020476,-0.5638231607028557,3.0,23.29922952577228,455.4420166015625,37.684112548828125,555.39599609375,155.55386352539062
0.8108140412606194,-0.5596979241743228,3.0,22.542022723119754,455.3432922363281,38.037635803222656,555.0408935546875,155.58216857910156
0.864770483893952,-0.5672013805456212,3.0,23.2930187097025,455.54571533203125,38.05839538574219,554.6603393554688,155.4912567138672
0.8633393011241434,-0.6511644581292033,3.0,22.342571926254614,455.7014465332031,38.573486328125,554.8870239257812,155.4910430908203
0.9465534978091952,-0.6416716204236159,3.0,22.422238853843687,455.5672607421875,38.8680419921875,554.7605590820312,155.3160858154297
0.935624683643837,-0.581042361362981,3.0,23.374409273294695,455.48663330078125,38.49729537963867,554.7554321289062,155.1865692138672
0.9479170362873158,-0.5158324652274098,3.0,22.244223232232162,455.4271545410156,38.55506134033203,554.8533935546875,155.4650115966797
0.8160783117873791,-0.3358837356351917,3.0,23.277118597036463,454.8576965332031,40.2791748046875,553.7872314453125,156.23458862304688
0.8747450874407348,-0.30249169030723316,3.0,23.16821423244972,455.21014404296875,39.91638946533203,553.3114624023438,155.239990234375
0.8374938553771423,-0.39967603112251376,3.0,22.214534264786106,455.617431640625,40.492576599121094,553.0554809570312,155.42648315429688
0.866183823484457,-0.41153029376667444,3.0,22.025437168513363,455.48321533203125,40.27899932861328,553.391357421875,155.31565856933594
0.8293248750494333,-0.2910337060332762,3.0,20.556182335903078,455.7615051269531,40.415218353271484,553.5946655273438,155.22335815429688
0.8110052562268871,-0.2343118369240056,3.0,20.44157223968614,456.860595703125,41.30221939086914,553.2025146484375,155.27352905273438
0.8501473326644359,-0.21177456988310103,3.0,22.043263469906872,457.9915771484375,42.63733673095703,549.5281372070312,153.0262451171875
0.8347065909802653,-0.24954059098540568,3.0,20.77344520001783,459.0345153808594,42.10348892211914,550.677001953125,152.87359619140625
0.7648281734537853,-0.28375075940023653,3.0,20.885471855953472,459.3995666503906,42.43989944458008,552.1134033203125,153.31857299804688
0.5985225518099341,-0.3635646320054753,3.0,22.25886123980407,459.64892578125,42.28246307373047,551.9429321289062,153.4862518310547
0.7217440859707013,-0.4743769007509093,3.0,21.418524608581087,460.3416442871094,43.415306091308594,553.5366821289062,153.9342803955078
0.7717694365189678,-0.522428582615318,3.0,22.28689238878616,460.1601257324219,45.10268020629883,555.3071899414062,154.84425354003906
0.8856925437337234,-0.6701908799050564,3.0,22.67853319347269,459.5634765625,45.30263900756836,556.4743041992188,155.8379669189453
0.8271565292898907,-0.7058463458434733,3.0,22.40331592047773,462.5359191894531,47.074928283691406,561.0470581054688,156.8516387939453
0.8477651350693599,-0.6598647390943833,3.0,22.01480144025362,465.9725036621094,48.71426010131836,563.6741333007812,157.74598693847656
0.8477728582365212,-0.5055049928361915,3.0,23.12950259181648,467.7690734863281,49.72423553466797,564.1737060546875,161.09332275390625
0.92379359050116,-0.4661831530250626,3.0,22.300163756619384,468.65045166015625,49.35247039794922,568.3250122070312,163.4372100830078
0.8674898376830318,-0.48488520178014394,3.0,23.392921281888253,470.0970153808594,49.62394332885742,570.9660034179688,163.6369171142578
0.8549231794472749,-0.4653051088136634,3.0,21.456435440965826,473.16436767578125,50.8090705871582,572.6321411132812,163.81793212890625
0.8601152783084933,-0.5241559088983435,3.0,22.349238827522633,476.7735595703125,50.719791412353516,576.4943237304688,163.75668334960938
0.950679533286055,-0.6185726927088137,3.0,23.3325396913697,480.5362548828125,55.03861618041992,579.6708984375,167.28817749023438
0.8743698480431426,-0.5048330772931645,3.0,22.197957131516276,481.76019287109375,54.40462112426758,579.0126953125,166.83016967773438
0.9044561115099856,-0.5369380168662877,3.0,22.64608473578783,483.2573547363281,56.985164642333984,579.1849365234375,168.38331604003906
0.9629612332851734,-0.536075152673102,3.0,23.41982891474773,484.7493591308594,56.21156311035156,581.2879638671875,170.0735321044922
0.8102417279423615,-0.5454654586767215,3.0,22.422718330339578,486.27984619140625,56.94636154174805,580.3551025390625,167.9942626953125
0.8205036865707638,-0.3754071767408396,3.0,22.918316385353886,486.84759521484375,57.680789947509766,583.3804321289062,170.4459686279297
0.9387869211221971,-0.3371588571651216,3.0,23.179609611601123,489.5691833496094,56.082401275634766,587.791015625,171.56719970703125
0.8659803579771749,-0.2995563541537478,3.0,22.404512627665483,491.009521484375,58.5216178894043,589.15625,170.9581756591797
0.87751397602609,-0.4462760238767203,3.0,23.30388981181556,491.66595458984375,61.008575439453125,591.0440063476562,170.4304962158203
0.828580521524756,-0.4107806139198171,3.0,22.86883270540383,492.6548156738281,61.3556022644043,595.2841796875,172.4242706298828
0.9650520810569946,-0.3947385304615068,3.0,22.85238559652172,494.5409851074219,61.76860046386719,596.5637817382812,173.700439453125
1.0488061004950056,-0.31889862683488435,3.0,23.28551839000694,496.4271545410156,63.48542404174805,598.7340698242188,174.58233642578125
0.6943782415573742,-0.24745959690961775,3.0,21.671173847672094,499.591796875,66.95433807373047,597.6161499023438,174.60313415527344
0.9694497589650425,-0.2065145604140855,3.0,23.368288511145654,500.3538513183594,67.21475219726562,599.6563720703125,181.59817504882812
0.654817516196465,-0.25788853573836806,3.0,23.063874714059477,503.7896728515625,69.90802764892578,603.026611328125,183.9462127685547
0.6937510671206605,-0.28949093681379334,3.0,21.782368673885383,506.4293518066406,75.61152648925781,605.592041015625,184.77163696289062
1.1836651159872011,-0.3666557630827303,3.0,22.638506420255514,511.9869079589844,79.35576629638672,610.10498046875,186.93394470214844
0.9327431433443713,-0.356563181499657,3.0,22.070753897884117,512.5543212890625,74.02302551269531,613.470947265625,191.4314727783203
0.9541895796027794,-0.317645076909784,3.0,22.221595876004642,519.0487670898438,80.03634643554688,621.0333862304688,192.17672729492188
1.0128675405327132,-0.1959466045764331,3.0,23.144435308983958,522.8938598632812,84.55305480957031,626.7546997070312,196.71878051757812
1.0238112684001759,-0.28427460318665515,3.0,22.264178185447054,531.1094360351562,83.36215209960938,637.0775756835938,201.22384643554688
1.0403098176693257,-0.2825387547881415,3.0,22.020233626460165,542.7413330078125,88.48481750488281,645.369140625,204.00318908691406
1.2100844729491143,-0.2921700768704131,3.0,23.20307581666805,546.6017456054688,90.96318817138672,654.5017700195312,208.1453094482422
0.8133813285514558,-0.17542694837737255,3.0,21.87609659416888,554.5345458984375,97.92802429199219,661.4068603515625,215.71875
1.322274661242555,0.006751645995568884,3.0,22.6495088642046,564.2305908203125,99.60740661621094,675.68212890625,219.51324462890625
1.4174648270335846,-0.041622544676848415,3.0,21.71571764364781,573.8948974609375,104.54962921142578,687.0547485351562,223.43536376953125
1.1571405641622299,-0.21494160105142324,3.0,21.498667322753928,587.3822021484375,101.15967559814453,699.3062133789062,228.3318634033203
1.3062762536261223,-0.34703865217709756,3.0,23.434091505897207,597.8613891601562,105.61918640136719,711.3798217773438,233.0960693359375
-1.1079290756430917,-0.29071492565079377,3.0,22.878063414660755,610.7914428710938,114.9836654663086,719.9848022460938,235.90057373046875
-0.9946760197586001,-0.0020088224102467692,3.0,22.58632963742791,610.4058837890625,116.94738006591797,730.603271484375,247.24972534179688
-0.9541911774994334,-0.10660420790699984,3.0,23.291466523026006,628.1871948242188,124.70597839355469,740.7431030273438,242.48330688476562
-1.6610455298155018,-0.06666637893573556,3.0,22.19748721911153,631.0628051757812,120.26264953613281,756.6378173828125,259.9549865722656
-1.0934645156564897,-0.06806001113417402,3.0,23.353715777927494,638.9327392578125,125.1176986694336,758.2855224609375,260.4449157714844
-1.361003548236978,-0.2491270020681164,3.0,22.86309845028427,654.40576171875,139.6650848388672,769.45556640625,261.4158935546875
-1.38197647445357,0.04891747553479346,3.0,22.253310696095078,654.9241943359375,138.50796508789062,775.318115234375,271.62091064453125
42.0,42.0,4.0,30.75453878867869,-1.0,-1.0,-1.0,-1.0
42.0,42.0,4.0,28.597852248321004,-1.0,-1.0,-1.0,-1.0
42.0,42.0,4.0,31.081120736289062,-1.0,-1.0,-1.0,-1.0
42.0,42.0,4.0,29.040393270096242,-1.0,-1.0,-1.0,-1.0
42.0,42.0,4.0,30.698939448278892,-1.0,-1.0,-1.0,-1.0
42.0,42.0,4.0,28.804658956679393,-1.0,-1.0,-1.0,-1.0
42.0,42.0,4.0,31.067307621086314,-1.0,-1.0,-1.0,-1.0
42.0,42.0,4.0,29.5138657265697,-1.0,-1.0,-1.0,-1.0
42.0,42.0,4.0,30.85045161669952,-1.0,-1.0,-1.0,-1.0
42.0,42.0,4.0,29.580264327122446,-1.0,-1.0,-1.0,-1.0
42.0,42.0,4.0,31.075133545227565,-1.0,-1.0,-1.0,-1.0
42.0,42.0,4.0,29.134597083972967,-1.0,-1.0,-1.0,-1.0
42.0,42.0,4.0,31.392846183208963,-1.0,-1.0,-1.0,-1.0
42.0,42.0,4.0,29.108918037337776,-1.0,-1.0,-1.0,-1.0
42.0,42.0,4.0,31.022270215897578,-1.0,-1.0,-1.0,-1.0
42.0,42.0,4.0,28.165191581944427,-1.0,-1.0,-1.0,-1.0
42.0,42.0,4.0,29.346599217760613,-1.0,-1.0,-1.0,-1.0
42.0,42.0,4.0,26.82586199177502,-1.0,-1.0,-1.0,-1.0
42.0,42.0,4.0,28.086731755661805,-1.0,-1.0,-1.0,-1.0
42.0,42.0,4.0,26.896391630275165,-1.0,-1.0,-1.0,-1.0
42.0,42.0,4.0,28.32840740240443,-1.0,-1.0,-1.0,-1.0
42.0,42.0,4.0,26.921942295965852,-1.0,-1.0,-1.0,-1.0
42.0,42.0,4.0,28.19738080512007,-1.0,-1.0,-1.0,-1.0
42.0,42.0,4.0,27.249010881923013,-1.0,-1.0,-1.0,-1.0
42.0,42.0,4.0,28.33912596956839,-1.0,-1.0,-1.0,-1.0
42.0,42.0,4.0,27.159904163698762,-1.0,-1.0,-1.0,-1.0
42.0,42.0,4.0,29.433505729784354,-1.0,-1.0,-1.0,-1.0
42.0,42.0,4.0,27.707487217429218,-1.0,-1.0,-1.0,-1.0
42.0,42.0,4.0,29.9608123263306,-1.0,-1.0,-1.0,-1.0
42.0,42.0,4.0,28.093127930341595,-1.0,-1.0,-1.0,-1.0
42.0,42.0,4.0,29.601140485835675,-1.0,-1.0,-1.0,-1.0
42.0,42.0,4.0,27.576325789951216,-1.0,-1.0,-1.0,-1.0
42.0,42.0,4.0,28.69548321771137,-1.0,-1.0,-1.0,-1.0
42.0,42.0,4.0,28.245993050130647,-1.0,-1.0,-1.0,-1.0
42.0,42.0,4.0,28.79991210964322,-1.0,-1.0,-1.0,-1.0
42.0,42.0,4.0,28.15573814510499,-1.0,-1.0,-1.0,-1.0
42.0,42.0,4.0,29.711225552352147,-1.0,-1.0,-1.0,-1.0
42.0,42.0,4.0,28.3228599018158,-1.0,-1.0,-1.0,-1.0
42.0,42.0,4.0,29.250409713165915,-1.0,-1.0,-1.0,-1.0
42.0,42.0,4.0,28.10442240686143,-1.0,-1.0,-1.0,-1.0
42.0,42.0,4.0,29.724280156193526,-1.0,-1.0,-1.0,-1.0
42.0,42.0,4.0,27.998798421927464,-1.0,-1.0,-1.0,-1.0
42.0,42.0,4.0,30.036120937826727,-1.0,-1.0,-1.0,-1.0
42.0,42.0,4.0,29.289832402234637,-1.0,-1.0,-1.0,-1.0
42.0,42.0,4.0,30.50713527195496,-1.0,-1.0,-1.0,-1.0
42.0,42.0,4.0,29.32136515526474,-1.0,-1.0,-1.0,-1.0
42.0,42.0,4.0,30.98605950015145,-1.0,-1.0,-1.0,-1.0
42.0,42.0,4.0,29.04280629838386,-1.0,-1.0,-1.0,-1.0
42.0,42.0,4.0,31.151990493166963,-1.0,-1.0,-1.0,-1.0
42.0,42.0,4.0,29.43144038004084,-1.0,-1.0,-1.0,-1.0
42.0,42.0,4.0,30.09430875642166,-1.0,-1.0,-1.0,-1.0
42.0,42.0,4.0,29.559417593414803,-1.0,-1.0,-1.0,-1.0
42.0,42.0,4.0,30.817810433504775,-1.0,-1.0,-1.0,-1.0
42.0,42.0,4.0,29.040192202505004,-1.0,-1.0,-1.0,-1.0
42.0,42.0,4.0,30.883616817612843,-1.0,-1.0,-1.0,-1.0
42.0,42.0,4.0,29.136216178666945,-1.0,-1.0,-1.0,-1.0
42.0,42.0,4.0,30.913435387937707,-1.0,-1.0,-1.0,-1.0
42.0,42.0,4.0,28.92384078559016,-1.0,-1.0,-1.0,-1.0
42.0,42.0,4.0,30.705681676757177,-1.0,-1.0,-1.0,-1.0
-0.7818199401568178,-0.16569575775422302,3.0,22.410617823538526,643.9595336914062,224.14358520507812,748.1561889648438,336.0434265136719
-1.5220580820014653,-0.023905332892878266,3.0,23.473698938331438,642.0863647460938,220.6431884765625,750.7782592773438,330.3650817871094
-1.0923158942783386,0.0485694003803201,3.0,22.35817394827182,642.8179931640625,221.17881774902344,754.0226440429688,330.243408203125
-1.2525296680866882,-0.04418610354215869,3.0,23.426500075401723,639.8568725585938,217.9744873046875,753.9290161132812,331.30059814453125
42.0,42.0,4.0,30.694895532218524,-1.0,-1.0,-1.0,-1.0
42.0,42.0,4.0,28.832578314578164,-1.0,-1.0,-1.0,-1.0
42.0,42.0,4.0,30.235755478662053,-1.0,-1.0,-1.0,-1.0
42.0,42.0,4.0,28.62166053649782,-1.0,-1.0,-1.0,-1.0
42.0,42.0,4.0,30.17267822458816,-1.0,-1.0,-1.0,-1.0
42.0,42.0,4.0,29.05829944367851,-1.0,-1.0,-1.0,-1.0
42.0,42.0,4.0,30.677159825634124,-1.0,-1.0,-1.0,-1.0
42.0,42.0,4.0,30.844099305800682,-1.0,-1.0,-1.0,-1.0
42.0,42.0,4.0,30.779590369049455,-1.0,-1.0,-1.0,-1.0
42.0,42.0,4.0,31.066157082333422,-1.0,-1.0,-1.0,-1.0
42.0,42.0,4.0,29.831465149359886,-1.0,-1.0,-1.0,-1.0
-0.31465061858009896,-0.13808383725617246,3.0,23.373627720874246,637.5690307617188,188.43687438964844,751.8807373046875,317.30914306640625
42.0,42.0,4.0,30.41488582554404,-1.0,-1.0,-1.0,-1.0
42.0,42.0,4.0,29.598842666102115,-1.0,-1.0,-1.0,-1.0
0.37470809695469387,-0.38248266312496215,3.0,22.85238559652172,641.3255004882812,181.4257354736328,765.9066162109375,312.8958435058594
42.0,42.0,4.0,27.460056827853503,-1.0,-1.0,-1.0,-1.0
0.8258654287934203,-0.2136800616430527,3.0,21.639532364079123,645.1158447265625,185.00526428222656,763.26904296875,307.3645935058594
0.5752214901683949,-0.021147096951883198,3.0,20.599391983812428,642.5562744140625,188.4979705810547,760.2996215820312,315.8409729003906
0.20086306626482833,-0.1467529592365984,3.0,21.416665390133932,645.341552734375,188.53273010253906,762.5625,316.6369323730469
42.0,42.0,4.0,29.811110479331326,-1.0,-1.0,-1.0,-1.0
42.0,42.0,4.0,28.428249966110887,-1.0,-1.0,-1.0,-1.0
42.0,42.0,4.0,29.683049899860585,-1.0,-1.0,-1.0,-1.0
42.0,42.0,4.0,28.539281194289835,-1.0,-1.0,-1.0,-1.0
42.0,42.0,4.0,29.862899780708,-1.0,-1.0,-1.0,-1.0
42.0,42.0,4.0,28.536562797659546,-1.0,-1.0,-1.0,-1.0
42.0,42.0,4.0,29.684730528327258,-1.0,-1.0,-1.0,-1.0
42.0,42.0,4.0,28.24789536778869,-1.0,-1.0,-1.0,-1.0
42.0,42.0,4.0,29.950115321722613,-1.0,-1.0,-1.0,-1.0
42.0,42.0,4.0,28.246373493164523,-1.0,-1.0,-1.0,-1.0
0.4279987493155064,-0.14122157365250382,3.0,22.16265171650348,641.19873046875,186.66635131835938,753.2233276367188,298.55810546875
42.0,42.0,4.0,26.12752597612937,-1.0,-1.0,-1.0,-1.0
42.0,42.0,4.0,27.68736797634136,-1.0,-1.0,-1.0,-1.0
0.9943082372120601,-0.26912334711297636,3.0,20.377515425351017,645.6410522460938,182.08055114746094,752.5772705078125,285.1065673828125
0.8332016386482617,-0.19954799731854725,3.0,20.266254348666408,644.6166381835938,178.3009796142578,756.5352783203125,286.4329833984375
0.5177701812365514,-0.19988595246087829,3.0,19.681773389768473,652.5966796875,179.47607421875,757.5631713867188,282.8185119628906
0.11053130525043067,-0.3754061114764036,3.0,20.782297184138418,649.213134765625,163.6298828125,760.3212280273438,275.470703125
-1.0505037325318765,-0.31030247546832657,3.0,19.992011401388947,652.776123046875,168.38133239746094,763.5430297851562,276.01568603515625
-0.9321460626279756,-0.32980773360817595,3.0,21.334309940538862,654.390380859375,169.4733123779297,763.1270141601562,278.679931640625
-0.05506698080789543,-0.3057974721683485,3.0,22.02011802011802,651.73583984375,173.26077270507812,758.470947265625,280.70819091796875
0.5827872645092009,-0.13705852023649195,3.0,21.97616016179653,644.0576782226562,172.15956115722656,755.8685302734375,278.1955261230469
0.4487644815992903,-0.23447428975050041,3.0,22.346142985769617,642.5728759765625,182.16075134277344,751.4088134765625,282.8190612792969
0.7283737591883447,-0.35626171166425996,3.0,20.73144981118646,634.6337890625,179.68453979492188,747.4090576171875,296.3137512207031
0.47885500612387755,-0.34865598990710267,3.0,20.477600281217043,625.2051391601562,180.5959014892578,750.5631713867188,309.0618896484375
42.0,42.0,4.0,27.924235867459373,-1.0,-1.0,-1.0,-1.0
42.0,42.0,4.0,27.148477296999904,-1.0,-1.0,-1.0,-1.0
42.0,42.0,4.0,28.694305338915797,-1.0,-1.0,-1.0,-1.0
42.0,42.0,4.0,27.548613802208195,-1.0,-1.0,-1.0,-1.0
42.0,42.0,4.0,29.311119807681557,-1.0,-1.0,-1.0,-1.0
42.0,42.0,4.0,27.671841290995097,-1.0,-1.0,-1.0,-1.0
42.0,42.0,4.0,28.800505379961958,-1.0,-1.0,-1.0,-1.0
0.5149786557819304,-0.09935961079365728,3.0,21.859223047978404,612.69482421875,176.9810028076172,723.5999145507812,295.4844970703125
0.9370822317084374,0.04221163590997394,3.0,22.56579329638995,613.2476196289062,177.49661254882812,721.2494506835938,293.9520568847656
0.5580137411009568,-0.028631112247223874,3.0,23.053099631199125,612.096435546875,173.38038635253906,722.9201049804688,291.98614501953125
0.24550323877284555,-0.06662909468047444,3.0,22.370337184123226,613.2081298828125,178.87965393066406,724.3694458007812,295.41229248046875
0.5354503750813695,-0.1204936582561991,3.0,23.40036040861187,616.3494873046875,180.08071899414062,730.003662109375,296.8835754394531
42.0,42.0,4.0,30.294501303710337,-1.0,-1.0,-1.0,-1.0
42.0,42.0,4.0,29.94134947602867,-1.0,-1.0,-1.0,-1.0
42.0,42.0,4.0,30.662806678948446,-1.0,-1.0,-1.0,-1.0
-1.10056210627766,-0.15280446018158544,3.0,21.76259015202615,619.7310791015625,184.49337768554688,730.9002075195312,296.29449462890625
42.0,42.0,4.0,30.251238739550953,-1.0,-1.0,-1.0,-1.0
42.0,42.0,4.0,29.17249054084131,-1.0,-1.0,-1.0,-1.0
42.0,42.0,4.0,30.818263310261724,-1.0,-1.0,-1.0,-1.0
-0.7856991006006273,-0.11218965566122302,3.0,22.881058758707972,623.7501831054688,178.9772491455078,734.6497802734375,288.8541564941406
0.4287958334297672,-0.13463371206397481,3.0,23.397227568125402,625.5255126953125,176.5276336669922,742.4579467773438,294.7835998535156
0.8368890514935853,-0.19435882793452786,3.0,22.293407603871565,630.12939453125,176.9955596923828,745.2954711914062,298.513427734375
1.1916508708319127,-0.1291452033734305,3.0,23.148650587780782,633.0785522460938,176.7682342529297,745.1954956054688,291.641357421875
1.3252768427394015,-0.18750598181753597,3.0,23.137285620507615,638.5189819335938,176.59857177734375,751.5941162109375,292.6329650878906
0.915791856689908,-0.2606030958374858,3.0,22.700381018358158,638.7698364257812,175.7176055908203,754.72412109375,286.49749755859375
0.6511095970107477,-0.2737218273672161,3.0,23.166550676608672,643.5827026367188,178.59811401367188,756.524658203125,282.1098937988281
-1.37621166279993,-0.17639127900809026,3.0,22.767042833026647,656.3377685546875,179.2072296142578,760.8079223632812,284.5850524902344
-1.294874728367275,-0.2108624372097489,3.0,23.001771348034243,655.6439819335938,162.3700714111328,764.765869140625,276.9258728027344
42.0,42.0,4.0,30.76920368264681,-1.0,-1.0,-1.0,-1.0
42.0,42.0,4.0,29.383193807138603,-1.0,-1.0,-1.0,-1.0
-1.0923162937525022,-0.1525570525163171,3.0,23.263691526062985,663.3379516601562,171.3780517578125,768.397705078125,283.545654296875
-1.368969862005732,-0.2502407360359875,3.0,22.383827602585107,666.5259399414062,172.46640014648438,772.5416259765625,288.983154296875
-1.476552781613336,-0.09729193252331976,3.0,23.464900306576858,668.8551635742188,171.5872802734375,774.248046875,289.0301208496094
-1.407494218228437,-0.18544176565661552,3.0,22.55184020216684,665.6080932617188,167.4647979736328,775.1923217773438,289.6040954589844
-1.3569743186657426,-0.16502517379174106,3.0,20.30088041547479,660.650390625,167.84506225585938,777.17626953125,297.4122619628906
-1.3593977952577148,-0.2408360489624817,3.0,21.24279043384014,666.2593383789062,169.23599243164062,777.530029296875,288.96185302734375
-1.3624520415538721,-0.13559537953360243,3.0,22.900797702442247,671.3985595703125,170.10462951660156,774.2275390625,281.564208984375
-1.265785685570612,-0.08818871528521091,3.0,22.602639477924416,672.074462890625,169.10281372070312,774.7942504882812,279.66607666015625
-1.4197106707808482,-0.2107764171065393,3.0,22.834594571052143,670.1591186523438,165.24900817871094,775.7077026367188,279.52178955078125
-1.4388164547571856,-0.25259443780739954,3.0,22.14170933854194,668.6445922851562,164.43402099609375,775.7001953125,280.5500793457031
-1.3873115850653257,-0.2229084474523953,3.0,22.516247134674334,670.482421875,164.56346130371094,777.2330932617188,278.7707824707031
-1.2394353044809319,-0.09115840621675828,3.0,22.067850829194377,674.9174194335938,169.02377319335938,776.7072143554688,275.8099060058594
-1.248361288348496,-0.10341240934053987,3.0,22.187271544268174,675.4171142578125,169.1697235107422,776.2845458984375,277.40106201171875
42.0,42.0,4.0,29.393489610708155,-1.0,-1.0,-1.0,-1.0
42.0,42.0,4.0,28.904107889822274,-1.0,-1.0,-1.0,-1.0
-1.3239476590393429,-0.10725029078745306,3.0,23.101603335554834,672.5858154296875,174.79319763183594,770.7860717773438,281.4586486816406
-1.2703660563294392,-0.19154626350729514,3.0,22.847904126378864,663.4486694335938,168.4532928466797,769.802001953125,283.277587890625
-1.1334781115607668,-0.2722656108831608,3.0,22.402238993307588,662.3273315429688,168.1383514404297,767.7517700195312,280.7040710449219
-0.9921778414980511,-0.19048978750286072,3.0,23.40127431179352,658.373779296875,166.7480926513672,768.7239379882812,278.8785095214844
-0.753496423015498,-0.19323390869007837,3.0,22.306330837304287,656.4240112304688,175.5140838623047,760.93798828125,280.66949462890625
-0.8932087832782539,-0.20532252951016605,3.0,21.220435710888726,648.52294921875,167.30606079101562,762.3639526367188,280.884033203125
-0.9087517903482835,-0.23050617972628235,3.0,23.08253306110319,645.353759765625,166.55267333984375,760.1159057617188,281.1559143066406
-0.5562786916507702,0.022362563673395366,3.0,22.543476625065843,641.1258544921875,166.96453857421875,760.3649291992188,285.8110046386719
-0.7096831620259505,-0.011285944067537796,3.0,23.107712480235357,641.0703735351562,166.58163452148438,755.4851684570312,282.346923828125
-0.3194701412048153,0.04348942060099396,3.0,23.264981917419185,641.0008544921875,174.2595977783203,747.2571411132812,282.79791259765625
0.2845142876847623,-0.1853139339242917,3.0,22.23290379691815,637.7113037109375,170.04661560058594,748.4116821289062,282.2183532714844
0.7112317901998316,-0.18806764249143365,3.0,22.085164415659637,638.1057739257812,173.2615966796875,747.896240234375,281.1256103515625
1.0844056400505306,-0.07366276943548272,3.0,22.689697330339996,631.0667114257812,170.3945770263672,743.2976684570312,281.1789245605469
0.3291011969709779,-0.16641374598410838,3.0,22.49559667471172,627.896240234375,177.7642059326172,742.1204223632812,281.8420715332031
1.0251140868054427,-0.1529607877375731,3.0,22.801822273928217,621.6140747070312,181.0673065185547,736.1820068359375,284.13916015625
0.6776437362156432,-0.11534496892074891,3.0,22.201482108829133,627.4393310546875,181.33938598632812,738.4591064453125,287.0407409667969
0.816143825550195,0.04537866707829617,3.0,22.555721069302457,625.7059936523438,185.99163818359375,738.0691528320312,292.93511962890625
1.2121228564474609,-0.032638370739466106,3.0,22.78324352511733,621.5276489257812,172.4114990234375,741.2733154296875,297.439697265625
1.0823619302300038,0.044303282630122176,3.0,22.361273124700112,623.6697998046875,185.78807067871094,738.3396606445312,303.79254150390625
0.6524552923095648,-0.02871127339603526,3.0,22.457414853801797,626.161865234375,201.44667053222656,734.0025634765625,307.17694091796875
42.0,42.0,4.0,30.317055541099258,-1.0,-1.0,-1.0,-1.0
1.0179294108166268,-0.053931142602976635,3.0,22.348405247285243,619.2850341796875,222.263427734375,735.0322875976562,324.96820068359375
42.0,42.0,4.0,30.783430701934652,-1.0,-1.0,-1.0,-1.0
42.0,42.0,4.0,29.16478228823341,-1.0,-1.0,-1.0,-1.0
42.0,42.0,4.0,30.544681284910098,-1.0,-1.0,-1.0,-1.0
42.0,42.0,4.0,29.728283057382626,-1.0,-1.0,-1.0,-1.0
42.0,42.0,4.0,30.839110039262973,-1.0,-1.0,-1.0,-1.0
42.0,42.0,4.0,29.416372103461818,-1.0,-1.0,-1.0,-1.0
42.0,42.0,4.0,30.550465798923454,-1.0,-1.0,-1.0,-1.0
42.0,42.0,4.0,29.704281809039532,-1.0,-1.0,-1.0,-1.0
42.0,42.0,4.0,30.333280298537687,-1.0,-1.0,-1.0,-1.0
42.0,42.0,4.0,30.81599905957034,-1.0,-1.0,-1.0,-1.0
42.0,42.0,4.0,30.200269291417957,-1.0,-1.0,-1.0,-1.0
42.0,42.0,4.0,30.712201979966025,-1.0,-1.0,-1.0,-1.0
42.0,42.0,4.0,30.346009145106212,-1.0,-1.0,-1.0,-1.0
42.0,42.0,4.0,29.606364130473146,-1.0,-1.0,-1.0,-1.0
42.0,42.0,4.0,28.77067442243319,-1.0,-1.0,-1.0,-1.0
42.0,42.0,4.0,29.054072401324447,-1.0,-1.0,-1.0,-1.0
42.0,42.0,4.0,29.113161054772366,-1.0,-1.0,-1.0,-1.0
42.0,42.0,4.0,28.90530305640743,-1.0,-1.0,-1.0,-1.0
42.0,42.0,4.0,29.365296292147416,-1.0,-1.0,-1.0,-1.0
42.0,42.0,4.0,29.483782985842623,-1.0,-1.0,-1.0,-1.0
42.0,42.0,4.0,29.094178117824963,-1.0,-1.0,-1.0,-1.0
42.0,42.0,4.0,28.885993305877328,-1.0,-1.0,-1.0,-1.0
42.0,42.0,4.0,28.364423285003245,-1.0,-1.0,-1.0,-1.0
42.0,42.0,4.0,26.475013413287044,-1.0,-1.0,-1.0,-1.0
42.0,42.0,4.0,28.90809216284952,-1.0,-1.0,-1.0,-1.0
42.0,42.0,4.0,28.54355400696864,-1.0,-1.0,-1.0,-1.0
42.0,42.0,4.0,29.411834004179347,-1.0,-1.0,-1.0,-1.0
42.0,42.0,4.0,28.45718162697605,-1.0,-1.0,-1.0,-1.0
42.0,42.0,4.0,29.811110479331326,-1.0,-1.0,-1.0,-1.0
42.0,42.0,4.0,28.134019304682628,-1.0,-1.0,-1.0,-1.0
42.0,42.0,4.0,29.516358083335092,-1.0,-1.0,-1.0,-1.0
42.0,42.0,4.0,28.269218844779942,-1.0,-1.0,-1.0,-1.0
42.0,42.0,4.0,29.746836879432625,-1.0,-1.0,-1.0,-1.0
-1.6112678532486127,-0.11142825790556937,3.0,21.71189564137074,579.4686279296875,94.41089630126953,681.004150390625,220.48146057128906
-1.4767284170872266,-0.13521827592324723,3.0,20.939378054686056,581.2007446289062,82.35136413574219,678.8779296875,205.29078674316406
-1.1037907896252175,-0.056767675480020034,3.0,22.113575612507976,572.526611328125,71.65689086914062,670.1632080078125,192.7308349609375
-0.029911560099333972,-0.1552660199771457,3.0,21.43001517466189,567.142333984375,60.29771423339844,658.820556640625,181.67724609375
0.2719620105188918,-0.19099871758717488,3.0,21.71954099175608,553.6589965820312,49.876380920410156,648.8812255859375,175.93679809570312
0.5478942615908737,-0.2954018228532242,3.0,21.768124516688204,540.3595581054688,43.52623748779297,638.0860595703125,169.01622009277344
0.6420316798029947,-0.2640425683853232,3.0,21.339954311182566,526.1633911132812,38.42143249511719,627.8819580078125,165.3768768310547
0.4150960001501815,-0.29533311329710016,3.0,21.38325456668145,517.684814453125,36.796295166015625,618.6710815429688,162.48452758789062
0.25956499564457297,-0.2573644256358405,3.0,21.548259156318874,513.1589965820312,33.8819580078125,614.6053466796875,161.2878875732422
0.36931732627615543,-0.37306306234935194,3.0,21.27900157272589,506.987060546875,30.967235565185547,608.6712646484375,158.28082275390625
0.6314591965914891,-0.5022775079111245,3.0,21.676549781648106,503.7657470703125,30.568613052368164,604.1199340820312,155.930419921875
0.7742807974269125,-0.5842469431026733,3.0,20.50633381735334,501.41253662109375,29.0175724029541,600.6634521484375,154.4842529296875
0.6134405149721219,-0.4975392116996555,3.0,21.25937189546459,499.5672302246094,28.553586959838867,599.5464477539062,153.70364379882812
0.7647533386271541,-0.6840044301631885,3.0,22.19032351929741,497.2596740722656,27.83902931213379,598.5552368164062,152.3404998779297
0.7305519586439205,-0.5983933884970652,3.0,21.88637027760384,496.6483459472656,27.374950408935547,598.1591186523438,151.8722686767578
0.6708361638371827,-0.4521208635211172,3.0,22.248470992621513,500.7171936035156,24.183841705322266,597.6716918945312,150.96087646484375
0.6344272896263824,-0.306485100361807,3.0,23.26317540959966,501.30743408203125,24.805334091186523,599.4303588867188,149.8857421875
0.47751330556669563,-0.3474831337630318,3.0,22.624707367330867,503.21124267578125,24.32575225830078,601.1978149414062,149.6874237060547
0.27531120190577546,-0.23400131234090232,3.0,22.68294846141366,507.8515930175781,25.233015060424805,607.5003662109375,150.07228088378906
-0.2193533937132485,-0.10273383589478767,3.0,23.257628603589865,515.09326171875,30.231531143188477,609.1373901367188,148.6876678466797
-0.090207924023709,-0.10373145603913136,3.0,22.16253460993807,519.9784545898438,30.25420570373535,611.0274658203125,148.33331298828125
-0.39569114318342813,-0.13961142645744193,3.0,22.591560826896767,524.89599609375,34.003440856933594,615.0172119140625,150.12872314453125
-0.5876720345806242,-0.030792001155714167,3.0,22.61994876634758,527.4149780273438,34.55899429321289,619.3425903320312,153.2508087158203
-0.8757578876032919,-0.05808620653571826,3.0,22.062627229641944,530.785888671875,35.13098907470703,622.3209228515625,153.27835083007812
-0.8922276747326688,-0.0867162535185061,3.0,23.34513678234492,534.2680053710938,37.76380920410156,624.5616455078125,151.9047088623047
-0.8840363238518031,-0.062356319027551316,3.0,22.65219997731704,538.2796630859375,38.102569580078125,626.1986083984375,152.55023193359375
-0.9352061678785311,-0.21281453428877697,3.0,22.82825621962304,539.0821533203125,37.88554763793945,627.0340576171875,151.942138671875
-0.4989746555272082,-0.09497977606491297,3.0,23.23302240046086,541.0668334960938,36.539878845214844,629.1334838867188,151.21853637695312
-0.5040021710330598,-0.05277905911540835,3.0,22.025437168513363,541.7706909179688,34.48070526123047,629.5283203125,150.41949462890625
-0.7461809858171594,-0.052755623297815656,3.0,22.317725183041034,541.8980102539062,33.37668228149414,630.8440551757812,150.81585693359375
-0.7906136980762595,-0.0581850098121602,3.0,22.242807672523057,541.5455322265625,33.15227508544922,631.3126220703125,151.46485900878906
-0.6595470239763368,-0.071252342332852,3.0,22.327348220702138,543.3385620117188,33.352718353271484,632.0071411132812,150.49925231933594
-0.7611612669488551,-0.08007006870210436,3.0,23.288621384667493,543.585205078125,32.17815399169922,633.132080078125,151.16351318359375
-0.8997468437543985,-0.05187305171256341,3.0,23.143669059587594,543.7804565429688,33.472877502441406,634.9940795898438,153.57740783691406
-0.8821177826025101,-0.07327288265189512,3.0,22.56130215645457,544.7724609375,32.928627014160156,636.7933959960938,154.6415557861328
-0.8914524285393467,-0.0365268522470908,3.0,23.153250825264692,545.4390869140625,34.209556579589844,636.730712890625,155.8905792236328
-0.8580585189986252,-0.01891243848119771,3.0,22.153287100369194,544.7924194335938,35.13255310058594,635.7654418945312,156.3313446044922
-0.4629250417474596,-0.14896897557965333,3.0,23.31541908012496,543.8917236328125,35.973060607910156,633.7780151367188,156.2969512939453
-0.5695644033808485,-0.21444358992757842,3.0,23.177816337131553,542.2766723632812,33.918148040771484,630.6865844726562,156.83944702148438
-0.422539801713062,-0.1625998329870059,3.0,22.41696596545237,540.6622924804688,34.83063507080078,629.5868530273438,155.20460510253906
-0.11711384051677953,-0.15371153284886643,3.0,23.044106981957235,534.4995727539062,35.56537628173828,625.9832763671875,158.27389526367188
-0.02670484783076956,-0.098106327184666,3.0,22.71390354059938,528.718994140625,36.112281799316406,624.52001953125,159.07501220703125
0.306316522264805,-0.05923802370717753,3.0,22.642539408335132,525.8961181640625,38.34263610839844,621.4632568359375,160.56646728515625
-0.011762649902661978,-0.08407306613660247,3.0,23.234309391653095,521.0993041992188,41.33388900756836,617.1917724609375,166.41952514648438
-0.01158288652908163,-0.07934515625338479,3.0,22.47534535789688,518.8426513671875,46.152706146240234,614.3833618164062,170.853271484375
0.15148033648759807,-0.11907579129184091,3.0,23.23842872181284,512.4826049804688,49.09510040283203,609.6813354492188,174.1617431640625
0.06000554673333837,-0.13780100954840604,3.0,23.03967656704038,506.6632080078125,53.742652893066406,606.3031005859375,184.4303436279297
-0.03202184894711276,-0.1039306604886693,3.0,22.316656468647743,501.08148193359375,55.91786575317383,601.980224609375,189.0418701171875
-0.07683219744878603,-0.060860954075471825,3.0,23.35722718463903,495.5030212402344,62.48786544799805,598.6022338867188,195.92034912109375
-0.14813354194569547,-0.039066442662590364,3.0,22.387053385569562,489.5404357910156,69.74230194091797,593.3659057617188,202.43333435058594
-0.13606755799487347,-0.05142404275277604,3.0,22.75765451457654,486.14825439453125,73.45674133300781,589.6426391601562,208.6570587158203
-0.05191539597389567,0.011521633824009808,3.0,23.091047224760793,481.0204162597656,79.9885482788086,588.1307983398438,214.02450561523438
0.0029174929741818054,0.024788969742566558,3.0,21.354078312976984,476.347900390625,84.71849060058594,585.8516845703125,220.23455810546875
0.03105086041366987,0.07075939121507833,3.0,20.97351248368595,472.8581237792969,87.9961166381836,582.67724609375,225.7622528076172
0.047588558150843924,-0.03523202332509427,3.0,21.50704543123782,470.28057861328125,98.95587921142578,580.7158813476562,229.81785583496094
0.030053506585435194,-0.10158867662605361,3.0,20.718341862440973,469.1172180175781,103.62435150146484,579.9060668945312,232.4945526123047
0.19781108365559755,-0.08669414928145844,3.0,21.015021093663883,467.8195495605469,108.64717102050781,576.5469970703125,236.57179260253906
0.11540435741305767,-0.05119634247957427,3.0,21.882373809834355,467.7366943359375,113.87445068359375,576.1502685546875,240.7054901123047
0.6580585832430915,-0.19553248302692575,3.0,20.08545035747978,466.0718688964844,117.20240020751953,574.8729858398438,241.75906372070312
0.9368816956783544,-0.5529241739417063,3.0,19.968121875743872,464.2276916503906,116.61956024169922,572.2073364257812,241.2915802001953
0.8854211676186442,-0.6457286800282427,2.0,20.8243956447697,458.2605285644531,116.701416015625,570.9746704101562,242.9127655029297
0.7800968749315366,-0.44560277675314824,3.0,21.513774691088894,456.315185546875,120.98480224609375,565.6943969726562,242.6580352783203
0.6432740444515166,-0.4629926860391476,3.0,21.950972387950344,454.1265563964844,121.4605712890625,563.7637329101562,242.7790069580078
0.812843636327369,-0.23528282545744844,3.0,22.837702891803744,450.6617736816406,120.31376647949219,559.5657348632812,241.2515869140625
0.7395316052074496,-0.18468862370034111,3.0,22.25909749457361,450.9530334472656,123.3102798461914,556.7275390625,240.67507934570312
0.795406855406184,-0.21144274001127714,3.0,22.066457627475327,452.3288269042969,123.53636169433594,557.14208984375,241.17727661132812
0.7321964606170442,-0.1864420489620493,3.0,23.093081387026086,453.2619323730469,124.1640396118164,556.9808959960938,238.9692840576172
0.7321064457721996,-0.16666834418431994,3.0,22.48088673541582,453.7648010253906,123.29077911376953,557.9429931640625,237.3799285888672
0.63525207061598,-0.2269785565463634,3.0,23.401666006438617,455.210693359375,121.8783187866211,559.4583740234375,235.1319122314453
0.7406906129138521,-0.2617740877687937,3.0,22.845166315353737,457.7997741699219,118.5855712890625,563.2073974609375,234.73434448242188
0.6567070289898762,-0.1683229661695862,3.0,22.552689027734463,460.7240905761719,116.48307037353516,569.7955932617188,236.61329650878906
0.7209011954856913,-0.19036515156384504,3.0,23.20988091548984,463.7915344238281,110.0037841796875,571.681396484375,233.45240783691406
0.6486192750754146,-0.10295807405857235,3.0,22.348405247285243,467.1233215332031,111.95831298828125,574.354736328125,232.89219665527344
0.7301815129362904,-0.08830509542484738,3.0,22.52459051608399,470.4996032714844,109.61782836914062,579.6290283203125,232.22679138183594
0.7580355147774293,-0.15974146218902385,3.0,23.273889520850094,473.3435974121094,109.10443878173828,581.8506469726562,229.7997589111328
0.8818919465420714,-0.554187044930622,3.0,22.487395318414308,474.93121337890625,106.72563934326172,580.4334716796875,223.82504272460938
0.8307688409924743,-0.3114436399954255,3.0,23.381836628889026,477.0285949707031,108.20417022705078,581.977294921875,226.01402282714844
0.8408696783749267,-0.3686254370249529,3.0,23.267692205277843,478.93719482421875,112.28153991699219,580.1021728515625,225.11740112304688
0.8957497052742986,-0.2233321563818269,3.0,22.534029613392647,480.9066467285156,113.12874603271484,583.2667236328125,228.226318359375
0.9881094634587917,-0.27729685481453853,3.0,23.529401204995008,483.81036376953125,118.54008483886719,582.3134155273438,228.97763061523438
0.9605047334956842,-0.14567597689177036,3.0,22.74333989447942,484.4463195800781,120.11575317382812,586.0140380859375,233.0034942626953
1.0358564796944953,-0.19415749295611787,3.0,23.43775809561063,487.6903076171875,121.20220184326172,588.8837280273438,234.23004150390625
0.9507410523072358,-0.2124419580522749,3.0,23.278152090663884,488.1765441894531,123.05500030517578,591.5374145507812,236.8762969970703
0.717900611885499,-0.1638909334834763,3.0,22.45068326704956,487.8618469238281,122.91069030761719,595.79638671875,240.93826293945312
0.6682734039201994,-0.07944848690367987,3.0,23.518186864637244,488.59259033203125,124.22344207763672,595.5004272460938,241.1468963623047
0.7403750283246776,-0.056898170373433914,3.0,22.938496035001368,488.8695373535156,125.65886688232422,598.774658203125,243.3221435546875
0.743075473670018,-0.04111494617307931,3.0,22.806657712865743,488.8142395019531,127.78577423095703,599.3539428710938,245.68251037597656
0.9296847691485244,-0.07130347502578152,3.0,20.441074126419416,488.3121032714844,128.56625366210938,596.65869140625,245.02244567871094
1.081423165945751,-0.016374445962352196,3.0,22.198427063817174,488.18597412109375,128.84588623046875,596.15576171875,246.7582244873047
0.9700649491768508,-0.05857116817022169,3.0,21.961431526036076,488.9830627441406,130.1216583251953,598.0947265625,245.2421417236328
1.0367481060274537,-0.04671024762333579,3.0,22.116490724824146,488.526611328125,130.88966369628906,598.7039184570312,246.1156768798828
0.8925179592914875,-0.04387025263687529,3.0,22.048825619782576,488.8499450683594,133.7942352294922,597.3145751953125,246.72085571289062
0.8286143436706002,-0.057437194178065955,3.0,22.825647332847176,488.5797119140625,133.79620361328125,597.1810302734375,247.07432556152344
0.7936965733541351,-0.06901528701718544,3.0,22.11415857349235,489.4150390625,133.70574951171875,596.6436157226562,246.7432861328125
1.0558453678883029,-0.0943185131662463,3.0,22.276002719238612,488.2816467285156,130.82211303710938,595.2560424804688,245.76100158691406
0.6421848115656742,-0.1619377711400122,3.0,21.64913802002684,488.3895568847656,129.4136505126953,594.8649291992188,246.03822326660156
1.0133066957964674,-0.12891057888139454,3.0,20.745805634694523,488.56744384765625,128.5877227783203,592.5850830078125,242.09457397460938
0.8615864084946531,-0.20049208792498033,3.0,21.625808846655563,487.4517822265625,126.42445373535156,593.9685668945312,241.82876586914062
0.7935687416218115,-0.21951850970083342,3.0,22.90855267110531,488.9147644042969,126.81112670898438,592.3230590820312,239.77684020996094
0.8255791389762368,-0.14816017355659628,3.0,23.046512777963986,489.7832336425781,123.06070709228516,597.3948364257812,242.1776885986328
0.7525717734850226,-0.15518719040887935,3.0,22.57077205387749,491.6211853027344,118.41639709472656,598.5899658203125,244.11866760253906
0.8485696760346728,-0.08542701723479874,3.0,22.898922289071116,490.33465576171875,116.03466796875,599.0620727539062,241.09234619140625
0.8555588759994769,-0.07306409082243291,3.0,21.09174293472795,490.7543640136719,117.67215728759766,598.6149291992188,239.00611877441406
0.9232076950613426,-0.16876265406555827,3.0,22.116723967011875,490.6543273925781,117.39034271240234,600.3822021484375,238.7769317626953
0.8634857749840977,-0.1076950386894963,3.0,22.346976397250785,493.0309143066406,116.75592803955078,599.4796142578125,238.5916290283203
0.8156988113320428,-0.1476845329859081,3.0,22.08295513178262,493.73260498046875,118.7331771850586,598.490234375,237.117431640625
0.8650887316442164,-0.19500544344719908,3.0,23.07745297085541,492.1605529785156,120.8954849243164,599.3374633789062,235.326171875
1.0702115240726264,-0.1560652346202785,3.0,23.031706111690735,492.297607421875,121.17280578613281,600.2894287109375,236.4598846435547
0.8800533001254806,-0.13129490700534246,3.0,22.441794143298182,491.9151916503906,120.6106185913086,601.393798828125,235.59927368164062
0.9577512912446514,-0.18975102661647275,3.0,23.41185467170519,494.4452819824219,122.17280578613281,600.8316040039062,236.13760375976562
1.2498566533005755,-0.07198790742593189,3.0,22.53802545956722,494.370849609375,124.86919403076172,600.0994262695312,237.1868133544922
1.1920197186428887,-0.34957211732209,3.0,22.726087592585568,493.32318115234375,123.31578063964844,599.7232055664062,238.2526092529297
0.8623973410465823,-0.24963619846853954,3.0,23.330203582155967,491.95391845703125,120.17650604248047,599.6416625976562,240.17242431640625
1.022736949216438,-0.17375315163225777,3.0,22.445156767575146,493.5938415527344,120.84312438964844,599.33984375,239.7608184814453
0.9425060255844927,-0.0585780923890559,3.0,23.3256624864444,494.58416748046875,122.02761840820312,600.0929565429688,240.76812744140625
0.9759468067603998,-0.058895274874884336,3.0,23.045373127767828,494.7169189453125,122.01802825927734,600.7344970703125,240.98265075683594
0.9862508433340252,-0.06314168523301568,3.0,22.465955349873592,494.9495544433594,123.28231811523438,599.4669189453125,239.940185546875
0.9415749844674011,-0.06712364369490216,3.0,23.421005902291117,494.5068664550781,122.74829864501953,599.2318725585938,240.4716796875
0.8017688809342743,-0.08131429756338938,3.0,22.618850911914752,494.433837890625,122.97651672363281,598.4013061523438,240.10682678222656
0.8765901254439417,-0.10750808478097275,3.0,21.609987067921747,493.7201232910156,121.2411117553711,596.93115234375,238.82554626464844
0.8351814326026266,-0.14021356717990882,3.0,23.174358662681158,490.96234130859375,121.40484619140625,597.87939453125,236.95346069335938
1.1843333031047019,-0.15587588386677384,3.0,22.55596366784798,489.4950256347656,121.48065185546875,595.6046142578125,236.3101348876953
1.0062136325491504,-0.19124346209135318,3.0,23.681112942930056,488.9198303222656,118.70213317871094,595.0263671875,233.83277893066406
1.0701049976290233,-0.483336839922372,3.0,22.8723245300716,489.3487854003906,120.21571350097656,590.8049926757812,230.6147003173828
1.0441743307271398,-0.48300181425724,3.0,21.736988033603343,487.3825988769531,113.41345977783203,589.5347900390625,229.23829650878906
1.0480787912013048,-0.42855907840885915,3.0,21.563547188047853,485.4378356933594,109.87488555908203,588.1974487304688,224.19850158691406
1.0296172258926577,-0.40848097431853375,3.0,21.00775838321104,484.900634765625,108.93673706054688,586.6458740234375,219.0951385498047
0.9858289986173567,-0.3908055741636778,3.0,20.15988310614654,484.36505126953125,103.24930572509766,582.995361328125,216.33358764648438
1.079130450563302,-0.34630095655514564,3.0,20.872791695281318,484.66888427734375,104.06664276123047,579.7592163085938,214.17393493652344
1.0584440804800024,-0.37396693922332475,3.0,20.985370344427324,485.1402893066406,98.71319580078125,581.5755615234375,213.81727600097656
0.9748786128471689,-0.22978100096145376,3.0,20.05778749085414,485.1492919921875,96.96560668945312,580.4443969726562,211.74436950683594
0.8619571205183921,-0.27772056374397014,3.0,19.371707533357657,484.56805419921875,93.34424591064453,582.7050170898438,208.974853515625
0.8146998596071541,-0.22402724142633756,3.0,20.867910822764973,480.82177734375,92.6461410522461,581.7429809570312,206.71238708496094
0.8722129538762873,-0.31993086807339904,3.0,20.41957878542983,477.2776794433594,88.08650207519531,579.371826171875,206.34274291992188
0.9526910188573918,-0.2545356159259583,3.0,21.768689406049536,477.45281982421875,89.37831115722656,576.58984375,202.7974853515625
0.6252630859993107,-0.1934371078812514,3.0,22.688838160357456,475.28778076171875,85.55445098876953,574.0606079101562,199.15982055664062
0.7410970112961981,-0.16263924777113908,3.0,21.95453427203015,473.92840576171875,84.38042449951172,572.0919189453125,197.0124053955078
0.670544547697819,-0.13952540635423236,3.0,22.417085776283653,473.5114440917969,82.70905303955078,573.4309692382812,199.1552276611328
0.6001372263788491,-0.12773692378899662,3.0,22.49209830597547,472.2171325683594,83.14989471435547,570.8894653320312,197.05300903320312
0.7408416141476596,-0.17954286384209,3.0,21.718978650248296,469.8455505371094,80.85899353027344,569.8847045898438,193.99639892578125
0.6028685643928344,-0.1251185038052307,3.0,22.620192748472412,468.76629638671875,78.67372131347656,568.9840087890625,193.85580444335938
0.7536908337750738,-0.23325882302898826,3.0,22.519994845582236,468.1607360839844,78.3047866821289,567.5926513671875,192.44677734375
0.6493796075666323,-0.14633910400320008,3.0,21.62268722580512,467.79217529296875,77.08509826660156,567.7684936523438,192.62779235839844
0.703346969160434,-0.1614637284659781,3.0,22.687610887532994,468.19024658203125,76.6898193359375,566.89794921875,192.06549072265625
0.6194416821725065,-0.1680712974465737,3.0,22.002213700814664,467.96295166015625,75.78347778320312,566.1698608398438,191.36732482910156
0.7242101731401148,-0.2617748867171207,3.0,21.759993359377027,469.0347595214844,76.5436019897461,565.295166015625,191.0670166015625
0.7530817688337728,-0.2937722345822047,3.0,22.704927705690977,469.09161376953125,77.15757751464844,565.707763671875,191.8164520263672
0.9933034265327731,-0.0937102471732722,3.0,21.534761692055717,469.28497314453125,77.14298248291016,565.9542236328125,192.99061584472656
0.9998577322915672,-0.24287363351250132,3.0,22.016303691689107,469.7415466308594,78.20341491699219,565.6407470703125,193.24325561523438
0.8436124679815993,-0.09153950456874861,3.0,22.5708935144327,470.8229675292969,78.12747955322266,568.1678466796875,194.59901428222656
0.7983475178818497,-0.09628046394130768,3.0,21.647685455192953,471.51806640625,78.8060302734375,569.9775390625,195.96484375
0.9371674528633199,-0.2178401855818655,3.0,22.20253982033868,472.0981750488281,78.62175750732422,571.591796875,195.51429748535156
0.9814057543628442,-0.2939301600348464,3.0,22.47883851674,473.8169250488281,77.13326263427734,573.9725952148438,196.853515625
0.9021594013859014,-0.4136765352891693,3.0,21.74025543207829,474.677490234375,77.6636734008789,576.5344848632812,195.6868438720703
0.9175716472464079,-0.45287640232237264,3.0,22.729043270924215,475.4311828613281,77.07991027832031,578.6207275390625,195.6192169189453
0.9694513568616965,-0.25047695842467754,3.0,22.046971257963456,476.9705505371094,78.1568603515625,576.3416748046875,196.63226318359375
0.8733373404885189,-0.2945528070977069,3.0,21.704929570176255,478.77783203125,77.97909545898438,578.0430908203125,196.4474639892578
0.8718427744847662,-0.26595365278356403,3.0,22.48269429718531,480.7732238769531,79.51660919189453,577.5601806640625,195.290283203125
0.8557519551785076,-0.27271648405571125,3.0,21.680247283704293,480.9167785644531,78.75242614746094,578.824951171875,196.026123046875
0.876771220398067,-0.15118712245158034,3.0,21.939605073885183,479.37738037109375,79.90393829345703,579.008544921875,194.0906524658203
0.7949852770056245,-0.1209234924561379,3.0,22.50452848006181,479.7298583984375,79.86955261230469,579.3098754882812,194.49766540527344
0.9157345987264713,-0.1350630136316956,3.0,21.579967174484594,479.2515869140625,80.77509307861328,577.6865234375,193.71388244628906
0.9115214778819658,-0.16038328401173296,3.0,21.909693056687352,479.0549011230469,80.33067321777344,577.86865234375,194.43055725097656
1.0323810544719418,-0.2500513852824829,3.0,22.648530436144306,479.1904602050781,80.43048858642578,577.6287231445312,194.04348754882812
0.7773405032033046,-0.19344110262288652,3.0,21.584076079125584,479.08245849609375,80.13347625732422,578.2435302734375,194.37100219726562
0.7972050217742056,-0.16543609954794028,3.0,22.62238882446536,478.7079162597656,80.25184631347656,578.4471435546875,194.77249145507812
0.7947788820211433,-0.16136093044790104,3.0,22.374871969955617,478.6684875488281,80.5684585571289,578.6129150390625,195.03204345703125
0.8331931165327734,-0.1215354868746381,3.0,21.577968813503517,478.8053894042969,81.51702880859375,577.4799194335938,194.7708282470703
0.682038750962601,-0.0814458577212393,3.0,22.664072969351142,478.00970458984375,81.2583236694336,576.6134643554688,194.4235076904297
0.7627722130922441,-0.16295003867035132,3.0,22.27340024427805,477.3876953125,80.8096923828125,576.2609252929688,194.52476501464844
0.7426238015491405,-0.17122128438391943,3.0,22.089118974515618,476.6235656738281,80.33613586425781,576.0579833984375,194.65603637695312
0.833079399554227,-0.4498105712754734,3.0,22.4544091824061,477.38885498046875,81.44781494140625,575.068115234375,194.08135986328125
0.920131744002301,-0.41210553656213156,3.0,21.585853387405564,477.3245849609375,80.83869171142578,575.5874633789062,194.26095581054688
0.9675392071990196,-0.46329042744901844,3.0,22.261105862621672,477.10345458984375,80.1824951171875,576.02001953125,194.7343292236328
0.9333964167597677,-0.48427693578716985,3.0,22.65574833092064,476.9019470214844,80.30492401123047,576.1658935546875,194.80491638183594
0.9714631087491423,-0.43443507703800993,3.0,21.449193540138893,476.8858947753906,80.5567626953125,576.4488525390625,195.3423309326172
0.9540811889464131,-0.49476765995321004,3.0,22.39506212390609,477.1679992675781,81.17655181884766,576.3858032226562,195.62818908691406
0.9140693240968447,-0.44849337180032023,3.0,22.701978295580634,477.0418395996094,81.54773712158203,575.8934936523438,195.6021270751953
0.9132314936179057,-0.43831796590734545,3.0,21.64433412631655,477.0984191894531,81.35946655273438,575.61181640625,195.361572265625
0.9281188304275577,-0.5248946697847314,3.0,22.530640309411258,476.83233642578125,81.12325286865234,575.7762451171875,195.51828002929688
0.9846513487833238,-0.44642036720780254,3.0,22.310839707650246,477.00689697265625,80.62532043457031,576.2076416015625,195.36610412597656
0.9217813059814961,-0.42970343872926614,3.0,21.693254579872352,477.6450500488281,80.9010009765625,576.9534301757812,195.1853790283203
0.6622173756013593,-0.4483074831562327,3.0,19.180712753746462,479.1410827636719,82.25363159179688,576.8443603515625,194.72813415527344
0.30843346901530894,-0.12067928058417762,3.0,22.207829889974903,479.4719543457031,81.34133911132812,577.0455932617188,193.13034057617188
0.2611596965053124,-0.08398198602732175,3.0,21.400602071534262,481.2703857421875,82.38844299316406,577.7412109375,192.62071228027344
0.7215334299284761,-0.2985171886963989,3.0,22.522655268329878,482.410400390625,82.7146987915039,580.2489013671875,193.3610382080078
0.47760172251488625,-0.18155248520066383,3.0,22.11159377504112,483.8518371582031,83.50334167480469,581.0928344726562,193.9956512451172
0.6934277593643249,-0.15163852825634877,3.0,21.594855504126613,484.54559326171875,84.14595794677734,582.8292236328125,196.90896606445312
0.7279689587026527,-0.18445559710495918,3.0,22.587545976918644,487.1238098144531,85.4129638671875,584.4464721679688,200.99774169921875
0.3126274150999657,-0.048498560295324004,3.0,21.43724412869592,486.4107971191406,86.79682922363281,590.5645141601562,206.95404052734375
0.5794053162409093,-0.160283948103073,3.0,21.947296816459804,489.5519104003906,94.0916748046875,589.7127685546875,213.10496520996094
0.8395290430821809,-0.1680308173980045,3.0,22.52217150834989,489.1421813964844,101.18380737304688,591.217529296875,219.61383056640625
1.0784907592694648,-0.1469819910903452,3.0,21.513112609955634,490.0401916503906,111.56232452392578,594.883056640625,225.7851104736328
0.9175719135625169,-0.010897655180604243,3.0,20.942514617255103,494.0111083984375,121.94432830810547,601.5755004882812,235.04786682128906
-0.5310007655320651,0.0022322616257044177,3.0,22.51866486988548,494.8309020996094,129.10997009277344,600.4368286132812,247.322509765625
-2.037788548159125,-0.07124834759121688,3.0,21.756494314880904,494.3278503417969,135.99484252929688,604.2716674804688,261.1398620605469
-2.2534358868994193,-0.014548050086775854,3.0,22.64290611486906,495.9707336425781,147.1726531982422,602.511962890625,272.3885498046875
42.0,42.0,4.0,29.13318052372022,-1.0,-1.0,-1.0,-1.0
42.0,42.0,4.0,28.522396686908802,-1.0,-1.0,-1.0,-1.0
42.0,42.0,4.0,29.633347463614527,-1.0,-1.0,-1.0,-1.0
42.0,42.0,4.0,28.616192834871836,-1.0,-1.0,-1.0,-1.0
42.0,42.0,4.0,29.797979510933658,-1.0,-1.0,-1.0,-1.0
42.0,42.0,4.0,28.58518367068766,-1.0,-1.0,-1.0,-1.0
42.0,42.0,4.0,29.84738658601672,-1.0,-1.0,-1.0,-1.0
42.0,42.0,4.0,28.574667538696314,-1.0,-1.0,-1.0,-1.0
42.0,42.0,4.0,29.56858653507226,-1.0,-1.0,-1.0,-1.0
42.0,42.0,4.0,28.322477395655373,-1.0,-1.0,-1.0,-1.0
42.0,42.0,4.0,29.639629708147833,-1.0,-1.0,-1.0,-1.0
42.0,42.0,4.0,28.258362696813922,-1.0,-1.0,-1.0,-1.0
42.0,42.0,4.0,29.19706240645992,-1.0,-1.0,-1.0,-1.0
42.0,42.0,4.0,28.742283866016116,-1.0,-1.0,-1.0,-1.0
42.0,42.0,4.0,29.815984588371613,-1.0,-1.0,-1.0,-1.0
42.0,42.0,4.0,27.90918527587767,-1.0,-1.0,-1.0,-1.0
42.0,42.0,4.0,29.49705332151849,-1.0,-1.0,-1.0,-1.0
42.0,42.0,4.0,27.423609794370524,-1.0,-1.0,-1.0,-1.0
42.0,42.0,4.0,28.703534644995724,-1.0,-1.0,-1.0,-1.0
42.0,42.0,4.0,27.017146979632326,-1.0,-1.0,-1.0,-1.0
42.0,42.0,4.0,28.780545377194066,-1.0,-1.0,-1.0,-1.0
42.0,42.0,4.0,27.372246006056177,-1.0,-1.0,-1.0,-1.0
42.0,42.0,4.0,28.859757524048053,-1.0,-1.0,-1.0,-1.0
42.0,42.0,4.0,26.406673592092424,-1.0,-1.0,-1.0,-1.0
42.0,42.0,4.0,27.994500286999585,-1.0,-1.0,-1.0,-1.0
42.0,42.0,4.0,25.64319776968037,-1.0,-1.0,-1.0,-1.0
42.0,42.0,4.0,28.510376236277743,-1.0,-1.0,-1.0,-1.0
42.0,42.0,4.0,27.672754143354798,-1.0,-1.0,-1.0,-1.0
42.0,42.0,4.0,28.758246655741978,-1.0,-1.0,-1.0,-1.0
42.0,42.0,4.0,27.818852306794366,-1.0,-1.0,-1.0,-1.0
42.0,42.0,4.0,29.00745535776035,-1.0,-1.0,-1.0,-1.0
42.0,42.0,4.0,27.276832630976536,-1.0,-1.0,-1.0,-1.0
42.0,42.0,4.0,28.465486233177465,-1.0,-1.0,-1.0,-1.0
42.0,42.0,4.0,28.141947517797117,-1.0,-1.0,-1.0,-1.0
42.0,42.0,4.0,28.874857150724917,-1.0,-1.0,-1.0,-1.0
42.0,42.0,4.0,28.554241638243845,-1.0,-1.0,-1.0,-1.0
42.0,42.0,4.0,27.757913476238063,-1.0,-1.0,-1.0,-1.0
42.0,42.0,4.0,28.809407368739183,-1.0,-1.0,-1.0,-1.0
-0.5416733836005576,-0.05646008037411588,3.0,20.236041086703754,512.70556640625,182.99557495117188,634.8084106445312,312.1797180175781
42.0,42.0,4.0,27.945445702216684,-1.0,-1.0,-1.0,-1.0
42.0,42.0,4.0,26.660293407236022,-1.0,-1.0,-1.0,-1.0
-1.8461856924786657,-0.08342645062393123,3.0,21.67935080374218,496.0862121582031,164.80763244628906,600.6580810546875,283.3580322265625
-1.81770677988774,-0.05346881783773887,3.0,21.020392412358735,487.6892395019531,148.61102294921875,593.8585815429688,271.35089111328125
-1.6748862443167525,-0.09157172881793857,3.0,20.64522226214677,478.54486083984375,136.96896362304688,576.51611328125,256.333984375
-1.6441128852886688,-0.035813924023276586,3.0,21.196842435084953,466.3887023925781,123.548583984375,567.1703491210938,247.94390869140625
-1.452636396601934,-0.10582603223647867,3.0,21.56543199720297,456.16131591796875,113.01097869873047,559.5598754882812,234.17979431152344
1.416139105442943,-0.6607904538892947,3.0,20.678301682147154,445.5636291503906,113.69862365722656,549.6221923828125,231.52549743652344
1.2470464857183239,-0.4315950820515494,3.0,22.274937996887896,433.13641357421875,102.80091094970703,539.942626953125,224.12220764160156
1.1213777728318828,-0.09527964800365589,3.0,22.255318019982703,422.0856018066406,99.72269439697266,530.3551635742188,225.94012451171875
-0.07414853001831317,-0.2193765632147322,3.0,21.427168743326845,417.2755432128906,102.11618041992188,519.0016479492188,220.93751525878906
0.7062482168519663,-0.08373271414929034,3.0,22.359485033451502,404.9187316894531,100.6002426147461,509.85736083984375,220.05874633789062
0.1278402544392917,0.04612674902849943,3.0,22.244223232232162,398.4066162109375,100.51686096191406,502.9423522949219,218.7483367919922
-0.01672172216849853,0.03614335705011939,3.0,20.564144301389476,391.71343994140625,93.32807922363281,497.6264343261719,219.71604919433594
0.05488189111213492,0.060109410015851454,3.0,21.2734972940896,388.9718017578125,96.69244384765625,492.6352844238281,221.0653533935547
0.11956155187467137,0.031056453051959036,3.0,21.375735151719006,386.7315673828125,97.00372314453125,488.9443359375,220.38247680664062
0.23554381524427623,-0.28423359050586794,3.0,20.762442206975756,385.22412109375,97.34664154052734,488.33062744140625,219.7410430908203
0.45778274399862556,-0.46708410042183635,3.0,21.367785583648768,381.9499206542969,98.2066650390625,485.45538330078125,220.27223205566406
0.6962983807033213,-0.6602402448080844,2.0,21.02091916002606,382.2350158691406,105.51249694824219,486.5111389160156,218.06150817871094
1.0478963646666346,-0.4851741547584176,3.0,20.36851025393233,382.63140869140625,108.41555786132812,482.1689453125,218.1351318359375
1.1048512603712872,-0.38942658935123475,3.0,21.034940345140598,381.8736267089844,111.31242370605469,482.1161193847656,220.13780212402344
0.8708731175318685,-0.27777409328188074,3.0,22.41025860226544,380.8578796386719,111.12971496582031,482.17449951171875,221.99362182617188
1.202280878322964,-0.19643529463646262,3.0,21.650255510246218,379.2220458984375,112.97696685791016,482.47052001953125,225.9428253173828
1.4855229739549953,-0.1672883280860904,3.0,22.320456807139475,378.8091735839844,119.30011749267578,479.97064208984375,227.91749572753906
1.4259949320051082,-0.22358222720818535,3.0,21.300830844861558,378.7012939453125,120.58379364013672,482.0799255371094,232.30751037597656
1.4821322372551067,-0.2516916261978627,3.0,20.264296067252875,379.4908447265625,122.88335418701172,482.2813415527344,235.34149169921875
1.699203301914157,-0.19667444650235172,3.0,21.15493327146359,380.4725646972656,126.09703826904297,485.1068420410156,240.5469207763672
1.4470781130908295,-0.2439351695230069,3.0,20.806627477242852,378.8703308105469,124.37040710449219,484.14117431640625,241.28262329101562
1.7322238362700495,-0.18489208920762318,3.0,21.547816348233503,379.8553466796875,128.57691955566406,484.17132568359375,245.8830108642578
1.6479933773130233,-0.18481672174877392,3.0,21.9444261325883,382.6451110839844,134.96047973632812,482.8964538574219,246.94415283203125
1.434228893463415,-0.3688145214623485,3.0,22.479440895253614,385.9067687988281,135.43992614746094,490.9498596191406,251.99986267089844
2.0241100201682602,-0.2361318412129657,3.0,20.46800702713254,390.6897888183594,141.43392944335938,490.3434753417969,251.22610473632812
2.233858989726247,-0.20481439837417892,3.0,21.309271960575117,395.0846862792969,144.5615234375,497.6238708496094,256.2127380371094
2.134205099632136,-0.2412325936487945,3.0,21.291315559706796,398.817138671875,149.4714813232422,501.21820068359375,258.01495361328125
1.532119238283676,-0.26549319223108936,3.0,21.551027119236263,401.7216796875,147.4658203125,505.4294128417969,261.5399475097656
1.8157810481035037,-0.13789928019262998,3.0,22.230311382006096,408.6226806640625,151.83770751953125,513.91845703125,261.7670593261719
1.905091753155965,-0.20485541105496613,3.0,21.837599183622466,409.40283203125,149.74293518066406,519.1886596679688,266.7210693359375
1.588831786329131,-0.14968882802230177,3.0,21.48094050405363,414.5253601074219,150.6486053466797,525.6203002929688,268.4972839355469
1.9058582109176898,-0.12349450817250038,3.0,22.48028427941279,417.2440490722656,158.6835479736328,522.170166015625,270.63348388671875
1.730396375130037,-0.09506419827146849,3.0,22.199014507174198,421.9858703613281,160.35133361816406,523.47412109375,271.8476257324219
2.056475949528211,-0.03455158566657903,3.0,21.431767200633608,426.9767150878906,157.32618713378906,534.5237426757812,275.81439208984375
2.0979925003936746,-0.07462204006012926,3.0,22.456813655151734,430.33349609375,159.23855590820312,533.375,277.2760314941406
1.6542651216801603,-0.04880242697570204,3.0,21.65148488274253,433.11614990234375,155.42027282714844,539.530029296875,276.3427734375
1.4540065929827797,-0.1685823580597599,3.0,21.32812627125539,438.40814208984375,158.2827911376953,546.635986328125,273.22210693359375
1.2408200150897186,-0.18594749994762158,3.0,22.35745887570495,440.8712158203125,159.68516540527344,546.645751953125,275.078857421875
-0.9415793786831997,-0.14701341639120816,3.0,21.37900381266948,443.4211730957031,162.60198974609375,547.7620239257812,274.9081115722656
0.29685271301509936,-0.15761146594917846,3.0,21.761573941962965,442.2453918457031,156.03892517089844,553.1983032226562,274.56280517578125
0.30591518388853,-0.05642093190609172,3.0,20.89462776980711,446.4455871582031,154.0858917236328,560.7425537109375,274.7638244628906
-0.5030029529920621,-0.16908915761520196,3.0,20.326952341258686,453.34588623046875,155.4242401123047,567.1058959960938,275.7890319824219
-1.213553639743106,-0.04728841989599199,3.0,20.522588379204894,456.53387451171875,148.60147094726562,571.6525268554688,277.8044128417969
-1.327915769063561,-0.13201768892518997,3.0,20.95548905087608,461.69207763671875,146.51345825195312,570.719482421875,275.2838439941406
-1.29319560529998,-0.3176067273900869,3.0,21.535203963751187,475.73199462890625,151.2401580810547,575.951904296875,270.17254638671875
-1.2210317960840484,-0.32898135472192436,3.0,21.465989057949876,480.9407043457031,146.56712341308594,582.9411010742188,269.801513671875
-1.2424698433850228,-0.18030399528163465,3.0,22.491615857745746,479.0089416503906,141.015625,583.792236328125,270.7908935546875
-1.2336180285538174,-0.12113175165338208,3.0,21.446013038476288,478.6274719238281,137.57179260253906,582.8553466796875,266.8436279296875
-1.354949916763119,-0.25433188410256724,3.0,21.732482888335053,478.623046875,137.1027069091797,584.0227661132812,263.44036865234375
-1.4179862739750217,-0.22515402488355007,3.0,22.382633104044483,479.6728820800781,134.56671142578125,589.8258666992188,267.0360412597656
-1.430306722968001,-0.13280332144676335,3.0,21.152586137335593,486.1562194824219,142.97610473632812,588.1724853515625,266.4671325683594
-1.4513498234793167,-0.22646563172041415,3.0,21.63305894246044,486.4754943847656,142.04568481445312,588.3974609375,266.98614501953125
-1.3766371027840703,-0.2963475113563113,3.0,22.34983428005073,485.9601745605469,145.1807861328125,590.3206787109375,267.3437194824219
-1.355090797984784,-0.2502204960117029,3.0,21.359733150001272,488.0361022949219,147.54537963867188,590.7783203125,264.8639221191406
-1.2631266523802223,-0.10077241775194433,3.0,22.09621746918133,489.28851318359375,152.55389404296875,590.5835571289062,267.68743896484375
-1.2834094204003204,-0.15394269523148532,3.0,22.43123245180095,490.0220031738281,151.0350799560547,591.5072021484375,269.31915283203125
-1.3241580487654592,-0.12575420035743262,3.0,21.41819648775207,488.5549011230469,148.52877807617188,592.1903686523438,269.6126708984375
-1.4060720902063344,-0.24464649985016707,3.0,21.639532364079123,488.9550476074219,147.22792053222656,592.0733032226562,268.3730163574219
-1.5064442348464397,-0.1495828342109166,3.0,22.294237086332082,489.3894958496094,146.1264190673828,593.0748901367188,269.4735107421875
-1.4130756712410248,-0.1449979360782362,3.0,21.64667994756454,491.0634765625,151.5406494140625,593.9146728515625,270.4384765625
-1.3546400579702882,-0.23191818773624237,3.0,22.45104378546194,491.5218200683594,153.48550415039062,593.9660034179688,270.5425109863281
-1.3293104665264355,-0.19486962223160503,3.0,22.096333875955516,491.08013916015625,153.71286010742188,592.8712768554688,270.4898376464844
-1.367518705527748,-0.2382618374528111,3.0,21.637969459347914,491.9247741699219,154.59613037109375,593.5919189453125,270.86041259765625
-1.3756223052506955,-0.27821830855170593,3.0,22.653668126751967,491.6131286621094,152.4288787841797,593.486328125,269.75860595703125
-1.4007540238255551,-0.25102423802868884,3.0,20.38969991298303,490.6529235839844,153.43629455566406,594.2225952148438,269.82318115234375
-1.6046152768455948,-0.12304256973551393,3.0,20.800230105084626,487.9402770996094,145.2965087890625,595.06787109375,269.7139892578125
-1.378701185786936,-0.1063573328739495,3.0,21.3260658446676,478.8486022949219,144.1224365234375,589.3834838867188,271.0337829589844
-1.1895594904278735,-0.20430120723212067,3.0,20.95705962885609,478.2204895019531,149.05836486816406,586.1173706054688,267.18341064453125
-1.3064075474678631,-0.19338490992388585,3.0,20.185788194527998,476.3717346191406,153.98362731933594,585.4493408203125,270.21722412109375
-1.3139992876292974,-0.23733505739346356,3.0,21.220220990002833,468.90142822265625,153.49261474609375,578.4439697265625,273.0129089355469
-0.36793967304425745,-0.07283292843981402,3.0,20.776429328604404,456.970947265625,156.1088409423828,574.129638671875,283.18646240234375
0.09427643522102305,-0.3210339493969099,3.0,20.48850352929683,448.10235595703125,160.22349548339844,563.5685424804688,279.4895324707031
0.9789591082693884,-0.30832800783614184,3.0,21.318153170553195,445.8275146484375,162.71188354492188,554.4971313476562,279.123291015625
1.1697064234496597,-0.05978184120177171,3.0,20.925483935342246,442.3997802734375,164.34353637695312,551.4194946289062,281.7366943359375
42.0,42.0,4.0,26.34464132052836,-1.0,-1.0,-1.0,-1.0
42.0,42.0,4.0,28.252271670966394,-1.0,-1.0,-1.0,-1.0
1.2490859344811065,-0.12892842206069807,3.0,20.72981041061226,442.83905029296875,172.45970153808594,557.2960205078125,288.5414123535156
42.0,42.0,4.0,27.130214296340856,-1.0,-1.0,-1.0,-1.0
42.0,42.0,4.0,28.909088402740444,-1.0,-1.0,-1.0,-1.0
42.0,42.0,4.0,29.805602535495517,-1.0,-1.0,-1.0,-1.0
42.0,42.0,4.0,29.388134892552603,-1.0,-1.0,-1.0,-1.0
42.0,42.0,4.0,29.777459089134215,-1.0,-1.0,-1.0,-1.0
42.0,42.0,4.0,29.48357573158816,-1.0,-1.0,-1.0,-1.0
42.0,42.0,4.0,29.722384421327135,-1.0,-1.0,-1.0,-1.0
42.0,42.0,4.0,28.765938768791838,-1.0,-1.0,-1.0,-1.0
42.0,42.0,4.0,27.310934000104183,-1.0,-1.0,-1.0,-1.0
42.0,42.0,4.0,28.359820414345215,-1.0,-1.0,-1.0,-1.0
42.0,42.0,4.0,27.0675348645108,-1.0,-1.0,-1.0,-1.0
42.0,42.0,4.0,27.90213009406474,-1.0,-1.0,-1.0,-1.0
42.0,42.0,4.0,26.18853881791731,-1.0,-1.0,-1.0,-1.0
42.0,42.0,4.0,28.64726934950687,-1.0,-1.0,-1.0,-1.0
42.0,42.0,4.0,27.432219075586833,-1.0,-1.0,-1.0,-1.0
42.0,42.0,4.0,28.63533893618619,-1.0,-1.0,-1.0,-1.0
42.0,42.0,4.0,27.661803888463872,-1.0,-1.0,-1.0,-1.0
42.0,42.0,4.0,28.828812976836897,-1.0,-1.0,-1.0,-1.0
42.0,42.0,4.0,27.647763752018722,-1.0,-1.0,-1.0,-1.0
42.0,42.0,4.0,28.72240445390984,-1.0,-1.0,-1.0,-1.0
42.0,42.0,4.0,27.607909217766778,-1.0,-1.0,-1.0,-1.0
42.0,42.0,4.0,28.509213504530283,-1.0,-1.0,-1.0,-1.0
42.0,42.0,4.0,26.79792481279869,-1.0,-1.0,-1.0,-1.0
42.0,42.0,4.0,28.772648071672588,-1.0,-1.0,-1.0,-1.0
42.0,42.0,4.0,26.90691677037759,-1.0,-1.0,-1.0,-1.0
42.0,42.0,4.0,28.167839681942727,-1.0,-1.0,-1.0,-1.0
42.0,42.0,4.0,26.41914840010078,-1.0,-1.0,-1.0,-1.0
42.0,42.0,4.0,28.512895813789072,-1.0,-1.0,-1.0,-1.0
42.0,42.0,4.0,26.443966685791022,-1.0,-1.0,-1.0,-1.0
42.0,42.0,4.0,27.41966567952565,-1.0,-1.0,-1.0,-1.0
42.0,42.0,4.0,27.21223878079321,-1.0,-1.0,-1.0,-1.0
42.0,42.0,4.0,26.629825274278748,-1.0,-1.0,-1.0,-1.0
42.0,42.0,4.0,27.4128557890265,-1.0,-1.0,-1.0,-1.0
42.0,42.0,4.0,25.53516462107929,-1.0,-1.0,-1.0,-1.0
42.0,42.0,4.0,27.62736715914555,-1.0,-1.0,-1.0,-1.0
42.0,42.0,4.0,26.994542271650705,-1.0,-1.0,-1.0,-1.0
42.0,42.0,4.0,27.986654922998905,-1.0,-1.0,-1.0,-1.0
42.0,42.0,4.0,27.087987600103332,-1.0,-1.0,-1.0,-1.0
42.0,42.0,4.0,28.315976371308018,-1.0,-1.0,-1.0,-1.0
42.0,42.0,4.0,27.185958180474714,-1.0,-1.0,-1.0,-1.0
42.0,42.0,4.0,28.538310278898557,-1.0,-1.0,-1.0,-1.0
42.0,42.0,4.0,27.036303630363037,-1.0,-1.0,-1.0,-1.0
42.0,42.0,4.0,28.31865290221523,-1.0,-1.0,-1.0,-1.0
42.0,42.0,4.0,27.721588092610094,-1.0,-1.0,-1.0,-1.0
42.0,42.0,4.0,29.7806305026981,-1.0,-1.0,-1.0,-1.0
42.0,42.0,4.0,28.264265883177444,-1.0,-1.0,-1.0,-1.0
42.0,42.0,4.0,29.7918415762819,-1.0,-1.0,-1.0,-1.0
42.0,42.0,4.0,28.00197615264444,-1.0,-1.0,-1.0,-1.0
42.0,42.0,4.0,29.91721648822728,-1.0,-1.0,-1.0,-1.0
42.0,42.0,4.0,28.015629905218653,-1.0,-1.0,-1.0,-1.0
42.0,42.0,4.0,29.81386521470256,-1.0,-1.0,-1.0,-1.0
42.0,42.0,4.0,28.07845867530694,-1.0,-1.0,-1.0,-1.0
42.0,42.0,4.0,30.02558504126966,-1.0,-1.0,-1.0,-1.0
42.0,42.0,4.0,28.228313759800788,-1.0,-1.0,-1.0,-1.0
42.0,42.0,4.0,29.773442934821187,-1.0,-1.0,-1.0,-1.0
42.0,42.0,4.0,28.064368062200156,-1.0,-1.0,-1.0,-1.0
42.0,42.0,4.0,30.10964745407427,-1.0,-1.0,-1.0,-1.0
42.0,42.0,4.0,27.672388995183745,-1.0,-1.0,-1.0,-1.0
42.0,42.0,4.0,27.863020068689256,-1.0,-1.0,-1.0,-1.0
42.0,42.0,4.0,26.313899432228112,-1.0,-1.0,-1.0,-1.0
42.0,42.0,4.0,28.13439673734413,-1.0,-1.0,-1.0,-1.0
42.0,42.0,4.0,28.799714358301806,-1.0,-1.0,-1.0,-1.0
42.0,42.0,4.0,29.76668133365506,-1.0,-1.0,-1.0,-1.0
42.0,42.0,4.0,28.09726818419325,-1.0,-1.0,-1.0,-1.0
42.0,42.0,4.0,28.93202088693601,-1.0,-1.0,-1.0,-1.0
42.0,42.0,4.0,28.08786028072431,-1.0,-1.0,-1.0,-1.0
42.0,42.0,4.0,28.8855954381422,-1.0,-1.0,-1.0,-1.0
42.0,42.0,4.0,28.27322058119704,-1.0,-1.0,-1.0,-1.0
42.0,42.0,4.0,29.000235082624627,-1.0,-1.0,-1.0,-1.0
42.0,42.0,4.0,28.381889417448793,-1.0,-1.0,-1.0,-1.0
42.0,42.0,4.0,29.03375950935534,-1.0,-1.0,-1.0,-1.0
42.0,42.0,4.0,28.385923118570656,-1.0,-1.0,-1.0,-1.0
42.0,42.0,4.0,28.79753927276722,-1.0,-1.0,-1.0,-1.0
42.0,42.0,4.0,28.62634880117937,-1.0,-1.0,-1.0,-1.0
42.0,42.0,4.0,28.692538702020098,-1.0,-1.0,-1.0,-1.0
42.0,42.0,4.0,28.345637629249172,-1.0,-1.0,-1.0,-1.0
42.0,42.0,4.0,26.715141941771073,-1.0,-1.0,-1.0,-1.0
42.0,42.0,4.0,27.97918723483737,-1.0,-1.0,-1.0,-1.0
42.0,42.0,4.0,26.373464960543277,-1.0,-1.0,-1.0,-1.0
42.0,42.0,4.0,27.368852405530795,-1.0,-1.0,-1.0,-1.0
42.0,42.0,4.0,26.072630073972775,-1.0,-1.0,-1.0,-1.0
42.0,42.0,4.0,28.603703072254238,-1.0,-1.0,-1.0,-1.0
42.0,42.0,4.0,27.263712120227247,-1.0,-1.0,-1.0,-1.0
42.0,42.0,4.0,28.11289922584537,-1.0,-1.0,-1.0,-1.0
42.0,42.0,4.0,26.94113717530382,-1.0,-1.0,-1.0,-1.0
42.0,42.0,4.0,28.44347997097538,-1.0,-1.0,-1.0,-1.0
42.0,42.0,4.0,26.874160643805425,-1.0,-1.0,-1.0,-1.0
42.0,42.0,4.0,28.686455284108007,-1.0,-1.0,-1.0,-1.0
42.0,42.0,4.0,27.08903729155095,-1.0,-1.0,-1.0,-1.0
42.0,42.0,4.0,28.520845091492646,-1.0,-1.0,-1.0,-1.0
42.0,42.0,4.0,26.847669402020152,-1.0,-1.0,-1.0,-1.0
42.0,42.0,4.0,28.26198048622716,-1.0,-1.0,-1.0,-1.0
42.0,42.0,4.0,27.012796980762666,-1.0,-1.0,-1.0,-1.0
42.0,42.0,4.0,28.06173938059906,-1.0,-1.0,-1.0,-1.0
42.0,42.0,4.0,28.08823647589837,-1.0,-1.0,-1.0,-1.0
42.0,42.0,4.0,30.508910516591747,-1.0,-1.0,-1.0,-1.0
42.0,42.0,4.0,29.662477634528752,-1.0,-1.0,-1.0,-1.0
42.0,42.0,4.0,30.18049419315843,-1.0,-1.0,-1.0,-1.0
42.0,42.0,4.0,28.96898871437846,-1.0,-1.0,-1.0,-1.0
42.0,42.0,4.0,29.69334673708355,-1.0,-1.0,-1.0,-1.0
42.0,42.0,4.0,28.18942133207877,-1.0,-1.0,-1.0,-1.0
42.0,42.0,4.0,29.650944463296007,-1.0,-1.0,-1.0,-1.0
42.0,42.0,4.0,27.6899269841689,-1.0,-1.0,-1.0,-1.0
42.0,42.0,4.0,28.739132818067205,-1.0,-1.0,-1.0,-1.0
42.0,42.0,4.0,28.06418028289641,-1.0,-1.0,-1.0,-1.0
42.0,42.0,4.0,28.728503130179867,-1.0,-1.0,-1.0,-1.0
42.0,42.0,4.0,28.709232285620413,-1.0,-1.0,-1.0,-1.0
42.0,42.0,4.0,28.75568353215412,-1.0,-1.0,-1.0,-1.0
42.0,42.0,4.0,28.516385194854642,-1.0,-1.0,-1.0,-1.0
42.0,42.0,4.0,29.30804759941584,-1.0,-1.0,-1.0,-1.0
42.0,42.0,4.0,29.542553266420143,-1.0,-1.0,-1.0,-1.0
42.0,42.0,4.0,29.79522771025282,-1.0,-1.0,-1.0,-1.0
42.0,42.0,4.0,28.520845091492646,-1.0,-1.0,-1.0,-1.0
42.0,42.0,4.0,27.805758304992608,-1.0,-1.0,-1.0,-1.0
42.0,42.0,4.0,27.987028412048097,-1.0,-1.0,-1.0,-1.0
42.0,42.0,4.0,26.444133408990606,-1.0,-1.0,-1.0,-1.0
42.0,42.0,4.0,28.537533594148666,-1.0,-1.0,-1.0,-1.0
42.0,42.0,4.0,27.181553656023382,-1.0,-1.0,-1.0,-1.0
42.0,42.0,4.0,28.89614263766698,-1.0,-1.0,-1.0,-1.0
42.0,42.0,4.0,26.88553004371627,-1.0,-1.0,-1.0,-1.0
42.0,42.0,4.0,27.765263499334715,-1.0,-1.0,-1.0,-1.0
42.0,42.0,4.0,25.979448363859348,-1.0,-1.0,-1.0,-1.0
42.0,42.0,4.0,27.96948519605228,-1.0,-1.0,-1.0,-1.0
42.0,42.0,4.0,26.25131591300266,-1.0,-1.0,-1.0,-1.0
42.0,42.0,4.0,28.013571638481473,-1.0,-1.0,-1.0,-1.0
42.0,42.0,4.0,25.977356620834883,-1.0,-1.0,-1.0,-1.0
42.0,42.0,4.0,27.59301606515532,-1.0,-1.0,-1.0,-1.0
42.0,42.0,4.0,26.03395216902842,-1.0,-1.0,-1.0,-1.0
42.0,42.0,4.0,27.855248215175163,-1.0,-1.0,-1.0,-1.0
42.0,42.0,4.0,27.488851896029676,-1.0,-1.0,-1.0,-1.0
42.0,42.0,4.0,27.258219440707595,-1.0,-1.0,-1.0,-1.0
42.0,42.0,4.0,28.668220498274152,-1.0,-1.0,-1.0,-1.0
42.0,42.0,4.0,27.629369063146385,-1.0,-1.0,-1.0,-1.0
42.0,42.0,4.0,28.398415653881308,-1.0,-1.0,-1.0,-1.0
42.0,42.0,4.0,27.606455519574546,-1.0,-1.0,-1.0,-1.0
42.0,42.0,4.0,28.33931744626798,-1.0,-1.0,-1.0,-1.0
42.0,42.0,4.0,27.223012617477544,-1.0,-1.0,-1.0,-1.0
42.0,42.0,4.0,28.25874347313458,-1.0,-1.0,-1.0,-1.0
42.0,42.0,4.0,27.06893235838889,-1.0,-1.0,-1.0,-1.0
42.0,42.0,4.0,28.493719472014455,-1.0,-1.0,-1.0,-1.0
42.0,42.0,4.0,27.137411198385074,-1.0,-1.0,-1.0,-1.0
42.0,42.0,4.0,28.335679831376417,-1.0,-1.0,-1.0,-1.0
42.0,42.0,4.0,26.966599587236477,-1.0,-1.0,-1.0,-1.0
42.0,42.0,4.0,28.418811700058946,-1.0,-1.0,-1.0,-1.0
42.0,42.0,4.0,27.161311212132986,-1.0,-1.0,-1.0,-1.0
-1.0586760418109482,-0.5929871714842043,0.0,22.37236567685636,410.1788635253906,244.48046875,526.85498046875,394.4356689453125
42.0,42.0,4.0,27.7529544101105,-1.0,-1.0,-1.0,-1.0
42.0,42.0,4.0,29.6044834060334,-1.0,-1.0,-1.0,-1.0
-1.395165646594133,-0.19932003072923646,3.0,22.101922843848637,434.17120361328125,176.37237548828125,540.0888671875,289.4458923339844
42.0,42.0,4.0,27.76820459856866,-1.0,-1.0,-1.0,-1.0
42.0,42.0,4.0,29.810262970859984,-1.0,-1.0,-1.0,-1.0
0.7226503596896554,-0.13602255057245113,3.0,22.154574265793364,459.23675537109375,139.14312744140625,560.1695556640625,259.6822814941406
0.4380505845339015,-0.24947587617091677,3.0,22.31451934689274,462.2904968261719,122.02021026611328,561.9322509765625,251.9906768798828
0.6125097401711392,-0.08820416161953337,3.0,21.783952508816306,472.20770263671875,114.18328094482422,573.2894287109375,238.47479248046875
-1.7757894232782196,-0.046466568383593546,3.0,22.362465344423118,479.64471435546875,100.96444702148438,578.8831176757812,228.30465698242188
-1.139970099350053,-0.041816689120315186,3.0,22.57198671825809,486.49822998046875,86.14102172851562,587.6011352539062,209.4705810546875
-0.4822404165015863,-0.16515460342071892,3.0,21.33702320754525,491.97314453125,81.53441619873047,589.6754760742188,194.03915405273438
-0.47403947824079634,-0.13506221468336857,3.0,22.587181061315928,493.3955383300781,73.18305969238281,595.3431396484375,192.6694793701172
-0.20713054957422083,-0.03248417371235052,3.0,22.307279921712123,495.6346435546875,60.92717361450195,599.4708251953125,182.79592895507812
-0.21184620891642417,-0.12613529870942297,3.0,21.018917659321772,499.0473327636719,56.390708923339844,603.8153686523438,178.46290588378906
-0.19607576788930195,-0.09557232940745561,3.0,22.467880865652454,499.931640625,50.01382064819336,601.4681396484375,171.9115447998047
-0.19466695567265002,-0.023958063482461833,3.0,22.389323938399123,500.8453063964844,46.90971374511719,600.1937255859375,166.9611358642578
-0.11317262841957128,-0.017351826082411276,3.0,21.578856928245468,502.21173095703125,45.8882942199707,599.7757568359375,164.4920654296875
-0.14585494131702367,-0.051009654887159715,3.0,22.72978231063952,500.94097900390625,43.10291290283203,599.308837890625,163.79794311523438
-0.08819484055571811,-0.0018437064226618565,3.0,22.36651984258183,503.3320617675781,42.22417068481445,596.7432861328125,158.82972717285156
-0.11170575929115564,-0.0432958087897452,3.0,21.680807621331873,503.32220458984375,40.33022689819336,596.4190673828125,157.57740783691406
-0.13540522983177078,-0.030466829186615495,3.0,22.479802337858626,502.24200439453125,39.85494613647461,595.1046752929688,155.67149353027344
-0.14910479679524738,0.05531918216312593,3.0,21.379439709660318,500.1016540527344,39.26370620727539,594.4266357421875,154.833740234375
-0.02560203282336775,0.1016182377141535,3.0,21.318044818525127,497.9261169433594,37.4107666015625,593.3401489257812,154.60858154296875
-0.04855608457486971,0.11468557023484528,3.0,22.43699214173759,496.7946472167969,36.17097854614258,592.1671752929688,153.49693298339844
-0.07924076033865368,0.07587985104297368,3.0,21.777392405983417,496.2706298828125,32.021488189697266,591.117431640625,154.5721435546875
-0.14070864882655457,0.10608915255217852,3.0,22.07423858869843,495.52239990234375,31.193660736083984,591.0092163085938,153.3472442626953
-0.15379808558429403,0.07770251849302393,3.0,22.74926100091663,496.5893859863281,31.39495849609375,591.134033203125,151.46304321289062
-0.11584830636677389,0.07884022091070576,3.0,21.675765625161496,497.9866027832031,31.481220245361328,591.2566528320312,150.6595916748047
-0.07750784141733912,0.06541149743009021,3.0,22.674732534315076,497.2265930175781,31.87163734436035,592.0183715820312,150.087890625
-0.21113700911813607,-0.05684943452548546,3.0,22.655870707769093,498.38580322265625,33.950199127197266,591.3967895507812,150.8153533935547
-0.1984470465239085,-0.06563786612274695,3.0,21.738339941434088,498.2350158691406,35.98103332519531,591.2589111328125,152.33811950683594
-0.18655470067615962,-0.17613934396896874,3.0,22.160075657912117,499.64263916015625,38.881431579589844,590.4994506835938,153.95733642578125
0.011340805185993428,-0.15551316132630505,3.0,21.65539745151897,499.470458984375,42.005104064941406,588.3184204101562,154.6214141845703
0.7129117122154535,-0.1307982274620427,3.0,21.527908803013894,499.6330871582031,46.375274658203125,594.2352905273438,158.50616455078125
0.7427811943695642,-0.20418908815022832,3.0,22.72867376908821,499.1058044433594,47.56526565551758,595.7988891601562,157.74322509765625
1.1005300151865245,0.009414807085648123,3.0,21.991485077913634,499.5653991699219,50.4098014831543,594.4686279296875,160.46270751953125
-0.3515505796959098,-0.16250502445219908,3.0,21.540623266706383,499.5244140625,52.679656982421875,590.6135864257812,156.36268615722656
0.05125866044908212,-0.05308026263469632,3.0,22.703330013423983,498.4573974609375,53.53096008300781,591.4210205078125,156.5882110595703
0.003667705453257127,0.09449960812037168,3.0,21.467197592408716,497.6776123046875,50.43932342529297,592.2963256835938,158.30809020996094
0.8840874565447326,-0.01715608374229045,3.0,21.398527618629757,497.202880859375,49.605995178222656,592.31640625,159.5452423095703
0.1769619944296942,-0.1016989314951829,3.0,22.488721602942515,496.0387268066406,48.351898193359375,589.2845458984375,157.22166442871094
0.9735571523142716,-0.6516009502318674,3.0,21.21689337184539,491.25518798828125,43.89812088012695,585.8942260742188,157.09130859375
1.013399640118511,-0.7547092265759202,3.0,21.887055532943005,491.6356201171875,39.49674606323242,585.2341918945312,156.36373901367188
0.8976967423472555,-0.7280118355962029,3.0,22.560695382761736,490.0342712402344,38.1229133605957,583.91455078125,155.41952514648438
0.5665252039448501,-0.24384595362648925,3.0,21.36898308538822,489.3019714355469,35.99844741821289,579.8897705078125,151.4429168701172
0.5674487882108896,-0.5338271783969663,3.0,21.000921289805728,489.4005126953125,30.611465454101562,578.639404296875,148.5334930419922
0.5768020762753568,-0.364697008100977,3.0,22.274819700687207,487.5397644042969,28.579734802246094,578.9697265625,149.81756591796875
0.44928166748298365,-0.25176086838620476,3.0,21.19737806326408,484.615966796875,27.169910430908203,578.18115234375,149.3489227294922
0.5763887536741765,-0.27588191732737943,3.0,22.285352985245126,482.29217529296875,27.10658073425293,577.7789306640625,148.95655822753906
0.6142732854449897,-0.330281509966101,3.0,22.46258649129196,478.6401672363281,26.529922485351562,574.7222900390625,150.23562622070312
0.49710351854531853,-0.2979712406729327,3.0,21.34028003907522,478.3311462402344,25.86102867126465,573.7710571289062,149.74681091308594
0.49927053272431604,-0.19074731518027138,3.0,22.498492699516163,475.35064697265625,26.089513778686523,570.3712158203125,150.41404724121094
0.21573122831463173,-0.1833434610337421,3.0,22.219006097334866,473.7887878417969,26.29776382446289,568.0027465820312,151.09121704101562
0.3235218744872619,-0.2919490344999365,3.0,21.5293453376998,472.07958984375,28.464309692382812,568.1146240234375,152.91102600097656
0.1650733770074715,-0.2514601974991348,3.0,20.489003956816962,471.1606750488281,28.82891082763672,566.1234130859375,152.5443115234375
0.2658793505891508,-0.1333157136404946,3.0,21.797424410930144,470.5924377441406,28.86766815185547,565.1649169921875,152.82028198242188
0.12917076971989527,-0.1470823922634412,3.0,21.310246365987368,469.7125244140625,30.341167449951172,563.3798828125,152.6383819580078
0.242257910668475,-0.1847554690437021,3.0,22.634963465046248,468.32745361328125,30.97216033935547,561.9698486328125,152.18421936035156
0.17070702797742512,-0.10638689396204938,3.0,22.004637741986254,468.6457214355469,31.29947280883789,560.1771240234375,151.70408630371094
0.15533046847552562,-0.11452205214391442,3.0,21.663003057598544,467.63800048828125,30.528553009033203,559.6129150390625,151.20960998535156
0.29767429821138885,-0.24874856687721614,3.0,21.879976629663634,465.8606262207031,31.166730880737305,556.5660400390625,149.3268585205078
0.17235552469218415,-0.26012612368625265,3.0,21.70706385885738,464.33685302734375,31.925384521484375,554.8805541992188,150.12623596191406
0.14819372938633127,-0.2903495399492349,3.0,21.674757507325165,462.6156311035156,33.3704948425293,554.251953125,150.83131408691406
0.2578419304192917,-0.2268709648383242,3.0,22.63826204290919,462.2947082519531,34.089420318603516,555.4798583984375,153.49884033203125
0.12052774671815211,-0.03012621088319436,3.0,21.490956416588954,461.76751708984375,35.446510314941406,555.8212890625,154.53465270996094
0.10410776070115955,-0.4608629561154113,3.0,22.33257902891737,461.244384765625,36.960968017578125,554.7986450195312,152.87435913085938
0.14953756047238526,-0.3301582056076303,3.0,22.427993925523495,461.6708679199219,37.941463470458984,554.909912109375,153.50070190429688
0.10520817886358029,-0.371287266534487,3.0,21.24687955908575,462.83892822265625,39.67853546142578,557.0051879882812,153.1676788330078
0.023886424449138705,-0.25336968400072163,3.0,20.841572793631705,462.96923828125,40.48991394042969,557.070556640625,153.8058624267578
0.078007450437838,-0.2618459931182258,3.0,22.393268625001333,463.1603698730469,41.808555603027344,556.6478271484375,154.04989624023438
0.17016321048283095,-0.2144361330765262,3.0,21.48094050405363,463.4029235839844,42.0436897277832,556.3244018554688,153.1072235107422
0.05597059136575932,-0.12769244899879229,3.0,20.351313714549114,462.8840026855469,39.828102111816406,554.5836791992188,152.77532958984375
0.050973435896334636,-0.15742264782789187,3.0,21.28818170282959,465.00830078125,37.77363586425781,556.0535888671875,151.47816467285156
0.018774220420622597,-0.19035210207450362,3.0,20.430619352638885,466.6102600097656,36.64602279663086,556.1753540039062,149.5508575439453
0.17021833791739557,-0.2460180278115579,3.0,20.679627063991756,468.01141357421875,36.54471969604492,557.1874389648438,148.44924926757812
0.07894994314761704,-0.2578592409663772,3.0,22.30336546898015,467.91937255859375,36.28583526611328,557.3563232421875,148.29061889648438
0.2206436952613919,-0.31168865081571284,3.0,21.23053249645677,467.94561767578125,36.292945861816406,556.8734130859375,148.5319061279297
0.6320823762865676,-0.4253217397877588,3.0,21.70403104786546,467.90155029296875,33.95344161987305,557.8969116210938,148.43948364257812
0.7484209706100251,-0.4068282165460306,3.0,22.250595481239024,468.1883850097656,33.48024368286133,557.6919555664062,148.02618408203125
0.6503663087505066,-0.4775178329405488,3.0,21.17201902012054,468.55169677734375,33.696929931640625,557.9683227539062,147.5616455078125
0.6992853821819541,-0.45253764823171455,3.0,20.323308088516757,469.61700439453125,33.32624053955078,557.8955688476562,146.73281860351562
0.6746032051990998,-0.3136913479554524,3.0,20.701980217567275,469.5516662597656,33.42788314819336,558.0394287109375,146.28750610351562
0.6810682950613761,-0.2590808329583965,3.0,20.622180266289064,470.066650390625,33.96854782104492,558.1278686523438,146.56919860839844
0.7411350944997863,-0.4744085923678813,3.0,21.28418467284408,470.572998046875,34.11322784423828,559.4772338867188,145.97113037109375
0.7660388464853352,-0.46215885030184384,3.0,21.52415261847946,471.7947998046875,35.025081634521484,560.6583862304688,146.77627563476562
0.6316685210531693,-0.3228701989685195,3.0,21.20734568400615,473.0991516113281,35.70741271972656,561.4697265625,149.37677001953125
0.770902843900256,-0.4438022135401456,3.0,21.584187152318563,473.9974670410156,34.798404693603516,563.9259643554688,149.2891845703125
0.7475671611645457,-0.5355185520052755,3.0,22.354837334242955,476.0556335449219,36.16318130493164,565.1276245117188,149.40110778808594
0.6930261546719408,-0.2968191571853644,3.0,21.589408882208815,477.1296691894531,34.309242248535156,568.383544921875,149.02272033691406
0.3876641093418204,-0.2395835643018174,3.0,22.759506858829656,478.0797424316406,32.815189361572266,571.420654296875,150.5010528564453
0.34595288140067226,-0.1622304525438119,3.0,22.42823378428961,479.3822326660156,32.311946868896484,572.6542358398438,150.632568359375
0.3206091752030422,-0.16868089502009284,3.0,21.68955264015224,480.1594543457031,32.993038177490234,572.7176513671875,150.43161010742188
0.19961830477132533,-0.17770235321273625,3.0,22.58864079447658,480.1736755371094,33.11696243286133,572.8057861328125,149.80596923828125
0.2535286747177994,-0.1684446726314028,3.0,22.372485011414796,480.91802978515625,33.54655838012695,572.9290771484375,148.20840454101562
0.6188387425017126,-0.11714766266262355,3.0,21.351578090002036,481.4224853515625,31.992156982421875,575.1204833984375,146.94366455078125
0.20856599340177356,-0.1288788872644226,3.0,22.60446667241528,482.8862609863281,31.576066970825195,575.338623046875,145.73023986816406
0.25642406345493346,-0.18836245442410543,3.0,21.87107741403944,483.8232116699219,31.427364349365234,575.1245727539062,144.66802978515625
0.1188033499123258,-0.22288208215760352,3.0,21.93088663588687,484.245361328125,32.23476791381836,574.8650512695312,145.63665771484375
0.18021318148846296,-0.2618917994889752,3.0,22.680985907876664,484.28338623046875,32.7851448059082,574.76123046875,145.93443298339844
0.2316239084357886,-0.25341043036539984,3.0,21.566540862393435,483.9869079589844,32.36014175415039,574.9483032226562,145.71511840820312
0.33513325684000733,-0.17224846561636298,3.0,21.786781358432545,484.3158264160156,31.747894287109375,575.2127685546875,145.18722534179688
0.4094607512835739,-0.13835201757794344,3.0,22.678042714247095,484.094482421875,32.3758659362793,576.1126098632812,145.56729125976562
0.2885316661891468,-0.17265672821147213,3.0,21.625697344676464,484.841552734375,32.13743591308594,576.5633544921875,145.4207000732422
0.23565300484896948,-0.11804568058219826,3.0,21.710884160071224,484.4425048828125,32.20619583129883,576.594970703125,145.84707641601562
0.23908581949408164,-0.1430466379475351,3.0,22.116490724824146,485.578857421875,32.20824432373047,577.1781616210938,146.07908630371094
0.22581635304665282,-0.10835470369150892,3.0,20.520680646202923,485.38671875,32.52411651611328,576.9189453125,146.35423278808594
0.23407268505811646,-0.12358319143680002,3.0,21.98261015403483,485.46173095703125,32.53315353393555,576.7265625,146.7406005859375
0.19167063313020186,-0.04189738290134459,3.0,21.97420287729078,485.4623718261719,32.283512115478516,576.4400024414062,146.10311889648438
0.07289657798986693,0.036663472411011866,3.0,21.309380223442684,485.7910461425781,31.57675552368164,576.7193603515625,145.52305603027344
0.18641248787394943,0.05409279648114445,3.0,22.343643124260858,485.72845458984375,31.400697708129883,576.6587524414062,145.41192626953125
0.08786886963829241,0.01709216787612855,3.0,22.179176140870393,485.2018127441406,30.932424545288086,576.1031494140625,145.76907348632812
0.12046889085806137,0.048965945066632904,3.0,21.46060723897627,485.2664489746094,30.058107376098633,576.69384765625,145.1648712158203
0.17449244515086376,0.06015548270270983,3.0,22.307279921712123,484.8735656738281,29.368986129760742,576.3912353515625,144.87225341796875
0.03471323954474684,0.04777764258823954,3.0,21.49183738304348,484.5721740722656,27.56023406982422,576.9048461914062,144.92872619628906
0.014687599727896006,0.04384415365819251,3.0,21.198663681345618,485.05975341796875,27.830236434936523,576.978759765625,144.67047119140625
-0.01872282141158407,0.06558300500429132,3.0,22.258506867053004,485.6083679199219,27.973575592041016,577.2145385742188,144.76011657714844
0.025638518130301834,0.044196756186519005,3.0,21.310679463664215,486.2452087402344,27.984439849853516,577.324462890625,144.17796325683594
0.009927465595488376,-0.004997954417751706,3.0,21.553463514902365,485.9259948730469,27.125329971313477,578.9302368164062,143.99700927734375
-0.020652281621346476,0.0549079900908177,3.0,22.32378316523405,486.4452209472656,26.616321563720703,578.1658325195312,143.8863067626953
-0.04022491773677483,0.04322470238864008,3.0,20.869156785964844,486.8857727050781,26.78522491455078,578.3218383789062,144.00997924804688
0.03869280116165224,0.05030764562381483,3.0,22.182812475208774,486.97283935546875,26.274433135986328,578.9588012695312,144.39688110351562
0.04463511250194605,0.06785334983358388,3.0,22.60860940717343,486.7569580078125,26.599849700927734,579.1316528320312,144.8323516845703
-0.024634240083232953,0.0690712134000771,3.0,20.982115968564123,487.03302001953125,27.019161224365234,578.7279052734375,144.57144165039062
0.07243292164408413,0.08635246571360128,3.0,22.643884057032107,486.6417236328125,26.775875091552734,578.7201538085938,144.22079467773438
0.039113580613884764,0.09349666165384785,3.0,22.365684972778123,487.0257873535156,27.080869674682617,578.6925048828125,144.4005584716797
-0.012152004054031565,0.07286142426347787,3.0,20.41957878542983,486.5539245605469,26.32400131225586,578.3209838867188,145.36106872558594
0.010577809533685726,0.07234290679923945,3.0,22.1905583213853,486.5874328613281,26.214082717895508,579.1200561523438,145.8677215576172
-0.010484332579423945,0.07316156251832981,3.0,21.807851089273644,487.28607177734375,26.28246307373047,579.5924072265625,145.69956970214844
-0.0382848048826521,0.07730011485231295,3.0,21.18485145414322,487.7247314453125,26.068710327148438,580.135986328125,146.5666961669922
0.029691582993293424,0.06233288320995862,3.0,22.382633104044483,487.60791015625,26.05569839477539,580.243896484375,147.16055297851562
0.07621727355308673,0.05049619742899244,3.0,22.24681889304373,488.123046875,25.98764991760254,580.3642578125,147.0702362060547
-0.03289163735913264,0.04785940163370498,3.0,21.51752725407208,488.7983093261719,25.96394920349121,580.7108764648438,146.90423583984375
-0.03520406013364844,0.049997121040711585,3.0,22.711443702011067,488.4384765625,26.249549865722656,580.58544921875,146.99656677246094
-0.04538718919378442,0.04490515703648008,3.0,21.726516446516445,488.62371826171875,26.736284255981445,580.4176025390625,147.30372619628906
-0.04905835675645865,0.049771551296381875,3.0,22.11182691395253,488.1264343261719,26.441986083984375,580.40966796875,147.28060913085938
-0.011073157496440464,0.03164261480788548,3.0,21.60531182230739,487.36944580078125,26.521631240844727,580.8823852539062,147.733642578125
-0.027925374558352874,0.03660994287310127,3.0,20.461416877250155,488.1343078613281,26.310163497924805,580.7968139648438,146.8550567626953
-0.07297594019035128,0.03967976866163561,3.0,20.834946922920256,486.61712646484375,26.16521644592285,579.583251953125,146.4542694091797
-0.026115756597644035,0.011654259246295753,3.0,22.508030716888385,486.5652770996094,25.937702178955078,580.1474609375,146.8064422607422
-0.07331442796490036,0.03385676693817736,3.0,21.520729004186848,486.59332275390625,26.4954891204834,580.4375610351562,146.57525634765625
-0.028689701791205616,0.058139203441410846,3.0,21.918852818829826,487.0751953125,26.908893585205078,580.6231689453125,146.886962890625
0.0007840346249193276,0.052571865182600194,3.0,22.550991440492066,487.48883056640625,26.66914939880371,581.2940673828125,146.68153381347656
0.010048106792868966,0.06675266535505411,3.0,21.09206112935426,487.2834777832031,26.333131790161133,581.9607543945312,147.03182983398438
-0.006866960870769315,0.04268834174509813,3.0,21.609207719811643,487.6323547363281,26.429819107055664,582.0421752929688,146.97592163085938
-0.052184907876211675,0.04253547629852757,3.0,21.896653615244063,487.6771240234375,26.19703483581543,583.066162109375,147.60598754882812
-0.031889223524826815,0.04625138496751514,3.0,21.105115380357663,487.3493347167969,26.464496612548828,582.8135375976562,147.0580596923828
-0.027649737385529675,-0.002740126445582528,3.0,22.217240685220304,487.6778564453125,26.955944061279297,582.6373291015625,146.8915252685547
0.01665221366404746,0.03842382189155424,3.0,22.17120383976995,487.885009765625,28.22128677368164,582.3410034179688,147.45989990234375
-0.04046167275768287,0.0668022001513296,3.0,21.61722655726552,488.0384826660156,28.69927215576172,582.5357055664062,148.1173553466797
0.18051225447887884,0.04896381453776084,3.0,22.5273730174502,488.53594970703125,28.778867721557617,582.5160522460938,148.62586975097656
0.1304027480401659,0.04811666299500663,3.0,21.130846583237613,488.84716796875,29.157392501831055,582.517822265625,149.01918029785156
0.2853619718597345,0.044316864751681576,3.0,21.01702185231025,486.23626708984375,28.49864959716797,581.218994140625,150.644287109375
0.24560790100368568,0.0495137573028622,3.0,21.87621069321803,488.968994140625,29.529203414916992,582.2211303710938,150.31137084960938
0.18873662855726156,0.045752308579234284,3.0,21.81545071074518,486.77362060546875,29.21795082092285,581.7937622070312,151.72335815429688
0.3640898073724389,-0.0006077333607560822,3.0,21.726966629715196,487.8411560058594,31.477602005004883,581.6419677734375,152.45542907714844
0.23659310071376743,0.053993726888593496,3.0,21.83668964368271,489.6321716308594,32.25482940673828,584.479736328125,152.90771484375
0.22536654513853843,-0.003953728954331636,3.0,21.51686494195382,488.6827087402344,31.535825729370117,582.970458984375,152.91488647460938
0.2908882974377579,0.02213992340626474,3.0,21.702571107765067,487.8359069824219,31.282512664794922,583.06982421875,154.4410400390625
0.39241758557150275,0.07120653596210264,3.0,22.435311926654578,490.1993713378906,34.077823638916016,585.5304565429688,155.8068084716797
0.45712387794493997,0.0007496798468573056,3.0,21.35277377576631,491.1480407714844,34.4213752746582,585.5485229492188,155.87371826171875
0.37493846038898576,-0.023980966667836518,3.0,22.140189925201774,489.5974426269531,35.136600494384766,582.5699462890625,156.47303771972656
0.38709951919072355,0.041633996269535754,3.0,22.20994662373973,490.6933288574219,34.58445358276367,584.0263061523438,155.67578125
0.3908828058352901,0.022815034742599823,3.0,21.227631372509325,490.95050048828125,35.358673095703125,584.0233154296875,156.0921173095703
0.41401875148924444,0.018348647278427936,3.0,20.698813136921064,491.42724609375,36.017791748046875,584.2265014648438,155.99127197265625
0.39070064561672874,0.04645325257814314,3.0,22.38048332790848,490.2042541503906,36.03024673461914,584.1575927734375,156.33058166503906
0.3668408527784907,0.04465934726786577,3.0,21.579967174484594,490.7688293457031,35.87610626220703,584.0156860351562,156.35751342773438
0.32930785827156805,0.07817443063818597,3.0,22.453086941858537,490.6797790527344,36.289772033691406,583.9337768554688,156.12864685058594
0.31819981336484754,0.07239643633715004,3.0,22.03700940471812,492.3883056640625,37.218135833740234,586.249267578125,157.30856323242188
0.3319888625409508,0.07542737997376922,3.0,20.810240635078145,492.427734375,36.776771545410156,586.167724609375,157.3287353515625
0.3773821770052424,0.046449524152617036,3.0,22.156446773443772,492.83306884765625,38.10495376586914,585.4503784179688,157.17123413085938
0.5412270378018603,0.07167471968173857,3.0,22.186567361555593,490.3267822265625,37.070472717285156,583.22216796875,157.08758544921875
0.4168624749012311,0.07616667349237523,3.0,21.470714102892245,491.4178771972656,38.339202880859375,584.531005859375,157.21688842773438
0.38340598107489265,0.044072120247503295,3.0,22.530640309411258,490.2872314453125,39.06277084350586,583.74658203125,157.27586364746094
0.2330122143120469,-0.0015662050370755997,3.0,21.742058555196152,486.6214294433594,35.92619705200195,581.1355590820312,156.55567932128906
0.19538840601195248,0.04077139839245909,3.0,21.382491486367993,489.8359375,37.739295959472656,582.6896362304688,155.17825317382812
0.24056280863463955,0.07606147862931709,3.0,22.44936146525793,489.2407531738281,37.01222229003906,582.6636352539062,156.13722229003906
0.18236794512644608,0.058192732979321427,3.0,20.57806735222545,489.4325866699219,36.25598907470703,583.4427490234375,156.16847229003906
0.11271030365433353,0.06591563382444222,3.0,20.82170781229057,489.1451416015625,35.50022506713867,583.0283203125,156.81040954589844
0.17712364830786204,0.07247926064705151,3.0,22.39350774159103,489.65716552734375,35.3523063659668,583.1356201171875,157.0469970703125
0.16376496596391557,0.008354070023469561,3.0,21.152692813951493,488.2948913574219,33.54672622680664,583.666748046875,157.09962463378906
0.25419553025475516,0.041687792123555355,3.0,21.146827197467,488.6041564941406,33.880897521972656,582.5281372070312,157.1790008544922
0.1618845079182106,-0.02238573317487905,3.0,21.023658673510305,488.0762023925781,31.833860397338867,581.892822265625,155.85305786132812
0.2782734359862706,-0.013688648003007285,3.0,20.229697010620544,489.3341369628906,32.59183883666992,582.0261840820312,155.3338165283203
0.3418931586349555,-0.05313139532762585,3.0,21.62647788267687,490.5361022949219,31.324262619018555,581.9091796875,154.06802368164062
0.16509841072171824,0.0049422943509690506,3.0,22.02335545660758,489.9125671386719,31.199317932128906,581.3095703125,153.71737670898438
0.29034900731701685,-0.03882196447452109,3.0,21.411526877329113,489.7442626953125,29.132503509521484,582.6734008789062,154.22665405273438
0.28072913682743267,-0.0714270457003612,3.0,21.59429960047778,491.43182373046875,28.983388900756836,582.77734375,151.85321044921875
0.24899464296193943,-0.0218831946771811,3.0,22.525316319735342,490.87939453125,28.519960403442383,582.4212646484375,152.23898315429688
0.18694165798254814,0.0009944243510355876,3.0,21.408794630324376,489.1017150878906,25.697011947631836,582.1409912109375,154.01853942871094
0.28512974421267956,-0.04994385781891,3.0,21.7190911162203,490.2915954589844,25.918869018554688,582.3267211914062,152.7161865234375
0.21771395174619576,-0.062368303252456674,3.0,22.244105262041387,489.63519287109375,25.14283561706543,582.1586303710938,152.84872436523438
0.260473666208508,-0.019349463216079714,3.0,21.21785934701889,488.83624267578125,26.793636322021484,580.9801635742188,153.31834411621094
0.3387263937827423,-0.025478994781006088,3.0,20.370785534585085,487.8851013183594,28.08452606201172,579.3118286132812,152.23268127441406
0.26061587901071825,-0.02530189456851582,3.0,21.436258075067464,486.8616638183594,29.96882438659668,577.9796752929688,148.4491729736328
0.36673991897317676,0.04577760860959004,3.0,21.311545711832284,483.859375,29.034971237182617,578.5828857421875,153.60304260253906
0.10622497376777254,-0.01084678880378373,3.0,21.759541806523238,477.4369812011719,32.07682800292969,581.235107421875,176.94393920898438
42.0,42.0,4.0,28.66332262693911,-1.0,-1.0,-1.0,-1.0
42.0,42.0,4.0,28.46181615840832,-1.0,-1.0,-1.0,-1.0
42.0,42.0,4.0,29.71333035796513,-1.0,-1.0,-1.0,-1.0
42.0,42.0,4.0,28.077142952773038,-1.0,-1.0,-1.0,-1.0
42.0,42.0,4.0,29.938143741211572,-1.0,-1.0,-1.0,-1.0
42.0,42.0,4.0,27.798939554612936,-1.0,-1.0,-1.0,-1.0
-1.299242578871114,-0.27718606731319123,3.0,22.464270794279898,480.9100646972656,27.951595306396484,585.7694091796875,155.57115173339844
-0.8038314991985407,-0.6332469766312593,3.0,21.129994962216625,484.1396484375,30.386497497558594,579.2833251953125,147.18927001953125
0.22766645105593086,-0.2784659825330833,3.0,21.707962632300806,486.1766357421875,31.050867080688477,579.3314819335938,146.66864013671875
0.3321009816228431,-0.23369318460278016,3.0,22.319981694045776,488.3250732421875,29.107030868530273,579.1113891601562,146.04989624023438
0.225822744633269,-0.21515971394470074,3.0,21.378785870839494,486.75872802734375,27.05003547668457,578.3798828125,147.6112060546875
0.20667008902174616,-0.4588940811215157,3.0,22.420560847579033,486.1744079589844,24.678882598876953,578.199951171875,145.7835693359375
-0.051139084516137565,-0.6479673332405633,3.0,22.31451934689274,486.2386779785156,23.873395919799805,577.3517456054688,143.74732971191406
-0.7727803724687619,-0.2074080509598071,3.0,20.966383236107152,487.8514404296875,23.68027114868164,575.8689575195312,136.3474884033203
-0.13476580485404274,-0.016955547712207485,3.0,22.283221854462962,487.7931213378906,22.12800407409668,575.53271484375,135.3656005859375
-0.1398963846940804,-0.01731001445329703,3.0,22.398410757293373,486.69732666015625,19.935718536376953,576.6536254882812,137.6854248046875
-0.13378869105009267,-0.0030522489253398148,3.0,21.188169028314515,486.149658203125,18.60158348083496,576.7177124023438,137.82476806640625
-0.12086729975713723,0.002181395248883904,3.0,22.531003400355615,484.3728332519531,17.495683670043945,576.2604370117188,136.21286010742188
-0.18080972957264071,0.007517304808966665,3.0,21.651708420014764,484.35552978515625,17.037031173706055,575.6104125976562,135.28001403808594
-0.17158560482104226,-0.001936384428596614,3.0,21.242575260321704,483.98016357421875,16.564495086669922,575.0391845703125,136.3296356201172
-0.07975315253238494,0.04664713070550091,3.0,21.480720478953597,482.6224670410156,17.215084075927734,573.0109252929688,136.17225646972656
-0.20739260462548464,0.05734744564933029,3.0,22.204537994854256,482.5504150390625,18.538311004638672,571.5685424804688,135.91346740722656
-0.13352743494715588,0.05298518778378049,3.0,21.416227973877568,483.09625244140625,19.974952697753906,572.23828125,137.38294982910156
-0.15263002313018526,0.0944127890688351,3.0,22.399487316421897,482.6494445800781,22.735809326171875,573.0928955078125,142.43817138671875
-0.20181807583173075,0.1007180892657067,3.0,21.211742989354438,481.1741638183594,24.68651008605957,572.7227172851562,140.40809631347656
-0.027134149398490334,0.15408251118871447,3.0,19.165199908613204,480.9251403808594,24.059648513793945,572.8480834960938,138.08018493652344
-0.12224974667899734,0.09547965140152084,3.0,19.339195226875567,479.333251953125,21.345035552978516,570.5914916992188,135.36624145507812
-0.09104468923821189,0.09498989607705527,3.0,20.581803549784823,476.2496643066406,20.548349380493164,570.0945434570312,136.31454467773438
-0.050934820060528484,0.11022663962172562,3.0,20.964601681445124,477.2616882324219,22.016307830810547,571.1549682617188,138.007568359375
-0.09904668936557298,0.08981350986626827,3.0,21.61121187139324,476.8480529785156,20.796234130859375,569.2902221679688,137.2053985595703
-0.14292280095684645,0.1010738875873413,3.0,22.061234687383298,478.52142333984375,20.628049850463867,568.8855590820312,135.1428985595703
-0.17818545063447663,0.09515794154183926,3.0,21.50208392074437,476.8991394042969,22.278932571411133,569.9578247070312,139.26954650878906
-0.13069036943789447,0.03530446130674443,3.0,22.345547729912308,477.4737548828125,22.0183048248291,570.4337158203125,138.91815185546875
-0.05548802657623696,-0.06959079612875156,3.0,22.05705811513644,475.706787109375,25.30718421936035,569.7427978515625,141.75582885742188
-0.02287602113156264,-0.10914646148358947,3.0,21.467527216333384,474.5657653808594,24.1481876373291,572.754150390625,143.4171600341797
0.009283779560016223,-0.09887438284304485,3.0,22.568100252352693,475.4217834472656,28.95130157470703,569.3594970703125,142.706298828125
-0.02958718707856232,-0.12079219861439697,3.0,22.024858875731876,474.8383483886719,33.63884735107422,567.3832397460938,146.78512573242188
0.02368162736131161,-0.21940372745785103,3.0,21.93822801759534,472.92803955078125,31.958879470825195,568.6256103515625,149.33602905273438
0.05205894035665093,-0.19272098386412911,3.0,22.396975506084765,472.6673278808594,33.4533576965332,569.354736328125,150.6814727783203
0.1317098275031768,-0.22280991049206236,3.0,21.547041477874014,470.9928894042969,36.601932525634766,569.4208374023438,150.65310668945312
0.2246363063676387,-0.2224450574227215,3.0,21.707176201467743,470.0541687011719,39.348594665527344,569.5183715820312,152.9024200439453
0.23291261208727793,-0.23013759823141539,3.0,22.48474321861263,470.6304016113281,40.31694793701172,568.885498046875,152.57144165039062
0.1368119115195506,-0.26885569942342336,3.0,21.423775909448455,470.8680114746094,39.43558883666992,569.4296264648438,152.53909301757812
0.10618982004138353,-0.2696530498537931,3.0,22.341976860631114,471.63134765625,39.26726531982422,569.3431396484375,151.82681274414062
0.09493263811361857,-0.25134008893397225,3.0,21.934327296688124,471.72845458984375,40.44015121459961,569.452392578125,153.0052032470703
0.0592904879806521,-0.26509877807364857,3.0,21.48116053366111,471.78692626953125,40.602020263671875,569.3980102539062,153.20457458496094
0.07412322998795742,-0.22351618081315136,3.0,22.404991346338754,471.7898254394531,40.97907638549805,568.2215576171875,152.64944458007812
0.03838627132018412,-0.2126033456143337,3.0,22.37881156528281,471.3435974121094,40.97761154174805,567.9437866210938,152.9571075439453
0.0639526177849448,-0.19796288383773206,3.0,20.72427934738569,471.5835266113281,43.35164260864258,567.2584228515625,153.84617614746094
-0.06952235288873652,-0.17055682569194464,3.0,21.142883067260144,471.6193542480469,39.16604232788086,568.9404296875,152.1476593017578
-0.06822858923117603,-0.16986467012463308,3.0,21.003865953568496,470.9649658203125,39.45489501953125,568.0797119140625,152.30355834960938
-0.0691385913756561,-0.19963881111171894,3.0,19.305103468591206,470.166748046875,40.33741760253906,567.7197265625,152.6695098876953
-0.0233149100792077,-0.29967912588000045,3.0,19.265201135434562,469.2825622558594,43.831485748291016,567.1885986328125,154.1363067626953
-0.07843675200555876,-0.28377366258561126,3.0,20.235650567126445,468.2235412597656,43.343143463134766,567.1617431640625,154.34228515625
-0.04262868693668035,-0.25157497974211723,3.0,19.183695498058444,467.3994445800781,43.43564987182617,568.4488525390625,154.39068603515625
-0.059146410965678804,-0.20268813055985965,3.0,20.09699908482389,467.2916564941406,42.96750259399414,568.6290283203125,154.16485595703125
-0.01531823627402677,-0.20797264111090388,3.0,21.296180268188536,467.2857666015625,42.51188659667969,568.4293212890625,155.2670440673828
-0.03415104623863111,-0.24028770409403435,3.0,21.920456564685225,467.0984191894531,42.91135787963867,567.4265747070312,156.12203979492188
0.04886314704855585,-0.2047872341310601,3.0,21.472802576139987,467.2911071777344,42.713623046875,567.3530883789062,155.736328125
0.09779633523378077,-0.22110735160717468,3.0,24.07213080883155,466.8221435546875,43.47688674926758,568.6336669921875,157.39425659179688
0.035864524083988096,-0.22158645428727997,3.0,22.323664349658834,465.9097595214844,45.13836669921875,566.1983642578125,157.0828857421875
0.16745504197032934,-0.34791083743409856,3.0,21.560886841821183,466.5558166503906,47.39946365356445,562.5491943359375,155.09178161621094
0.12347320288377973,-0.3133821549528942,3.0,22.330676633284885,465.7458190917969,49.09062576293945,561.1770629882812,156.69281005859375
0.12919766764690507,-0.30570106573688766,3.0,21.37301203100238,465.74481201171875,49.009342193603516,562.14794921875,157.45909118652344
0.22379208430208358,-0.30128927307506237,3.0,22.41600752490487,464.9517517089844,47.99542236328125,564.87744140625,157.85633850097656
0.219470572801212,-0.36414493480700355,3.0,22.242453810746028,464.7735900878906,48.43312072753906,565.156005859375,157.82516479492188
0.2217454450043577,-0.3579943642694655,3.0,21.59830274567962,465.02001953125,51.34282302856445,566.4601440429688,160.1761016845703
0.3041071638244752,-0.35601829874062674,3.0,22.278487467267233,466.3977355957031,52.23609161376953,566.7821044921875,160.26011657714844
0.3442487246191306,-0.40234531748310015,3.0,21.931345328292732,466.7774963378906,52.518775939941406,566.3455810546875,160.79995727539062
0.2264704254103763,-0.3591834656961859,3.0,21.504729774765305,466.80517578125,52.84318923950195,565.7009887695312,161.6413116455078
0.2637216574739686,-0.33263574436973103,3.0,22.500061690976487,466.3294677734375,51.204524993896484,566.5745239257812,161.5736541748047
0.23825251638899583,-0.36105779847138364,3.0,21.899740501140855,470.3382873535156,53.81711196899414,567.074951171875,161.09194946289062
0.2562195326832154,-0.4102248122003176,3.0,21.686524720019026,470.1812744140625,52.277339935302734,566.9378051757812,160.390869140625
0.20432624094636742,-0.3787206817691162,3.0,21.883743862926075,470.58251953125,53.74692153930664,565.2160034179688,161.34661865234375
0.20132539103006614,-0.32968176608861516,3.0,21.399728568658865,471.0109558105469,54.92672348022461,564.43505859375,161.6566619873047
0.17351826082411276,-0.2865814333228818,3.0,21.574195141271417,470.5047607421875,53.190391540527344,565.1123046875,161.73504638671875
0.3553442526687277,-0.34227265909029175,3.0,22.20924100098489,473.916015625,55.10726547241211,566.3135986328125,162.7716522216797
0.30455324330706346,-0.32974275247757795,3.0,21.711333695680306,474.3370666503906,58.17853927612305,565.3034057617188,164.13255310058594
0.21910864920907022,-0.21758345685278185,3.0,21.98514511555255,474.25714111328125,58.53031539916992,564.474365234375,163.99058532714844
0.3720425390196335,-0.22415054578480825,3.0,22.34304800157679,473.8042297363281,58.4736442565918,561.8597412109375,164.42665100097656
0.20574144474963552,-0.2570389873506328,3.0,21.283320647485667,473.99432373046875,58.72674560546875,562.0266723632812,165.67210388183594
0.23104813300811347,-0.2890864026442103,3.0,21.169240708214726,472.59490966796875,57.01571273803711,562.597900390625,166.2740936279297
0.14298724945522637,-0.266121698248348,3.0,22.411336300634247,473.3318786621094,58.09788513183594,561.653564453125,164.71726989746094
0.3564145771108305,-0.33452419189870625,3.0,21.52603054688783,471.7669982910156,59.511146545410156,562.6211547851562,168.02603149414062
0.31502718955823616,-0.23235787563221447,3.0,22.411815310958765,472.89306640625,57.121665954589844,562.6597290039062,169.35716247558594
0.3970770522147054,-0.3258406888483939,3.0,22.376304389577687,469.8870544433594,54.384830474853516,562.50341796875,165.46311950683594
0.1155532281179931,-0.32034099488127127,3.0,21.300830844861558,470.6323547363281,52.88357162475586,562.391845703125,165.00106811523438
0.3258689183559487,-0.3614349020817389,3.0,22.403196256790178,471.3472595214844,53.28057861328125,563.1185913085938,165.39312744140625
0.5480556491529325,-0.21668144419157204,3.0,21.96890844332705,471.01690673828125,51.448123931884766,563.025634765625,163.49334716796875
0.5612952881961525,-0.261080866937046,3.0,21.346688042344198,471.9489440917969,50.52913284301758,563.1072998046875,162.5951385498047
0.17313503194325036,-0.32341694594031273,3.0,22.480525257939167,471.85614013671875,49.905086517333984,562.106201171875,161.35813903808594
0.0016937704532903953,-0.2967017117812919,3.0,22.32865569302187,471.9681091308594,49.72380828857422,560.7374877929688,159.6271514892578
-0.06854950014253058,-0.2869721190547964,3.0,20.081411438010196,472.1222229003906,49.54920959472656,560.059326171875,158.86358642578125
0.027436684498323337,-0.33094197391644065,3.0,22.200542005420054,472.7859191894531,49.38765335083008,560.7005615234375,157.5421142578125
0.07749745508908781,-0.31682642119069365,3.0,22.08795572196681,473.6683044433594,49.72770309448242,560.8037719726562,156.59780883789062
0.11887552157786695,-0.36941106954652625,3.0,21.432862362349574,474.40777587890625,50.345848083496094,559.3245239257812,155.57052612304688
0.18085899805280717,-0.30351407784971457,3.0,22.3359090013473,473.5040588378906,50.766998291015625,559.002197265625,156.98577880859375
0.23215148064773328,-0.24249067094774795,3.0,21.51355399284985,473.8481140136719,52.093772888183594,557.3264770507812,156.97555541992188
0.24213194314891426,-0.2225899333860218,3.0,21.582188009735464,474.66314697265625,52.09177780151367,557.2435913085938,156.54681396484375
0.131917021435985,-0.2809368633924588,3.0,21.926300766894418,473.93157958984375,51.62107849121094,557.1554565429688,157.2742919921875
0.20580695851245145,-0.2196988057066318,3.0,21.109045430982853,474.38409423828125,52.29271697998047,557.759033203125,157.93446350097656
-0.08633009516044461,-0.219335816850054,3.0,21.738227276025416,474.1072082519531,51.260318756103516,558.3883056640625,158.25149536132812
0.036905287437991055,-0.1770008765816094,3.0,22.483658448986592,473.96990966796875,50.14247131347656,558.4403076171875,158.22129821777344
0.01046169571015827,-0.21722206589285808,3.0,21.356035417695608,474.0427551269531,49.247982025146484,558.68310546875,157.25233459472656
0.14531911330569974,-0.1670494425363103,3.0,21.154079707878996,474.9619445800781,49.003170013427734,560.235107421875,156.37322998046875
0.262324563166113,-0.16261554563743735,3.0,21.406718588912593,476.1156311035156,47.524723052978516,560.7977905273438,155.62667846679688
0.08985585412760053,-0.10807054440319747,3.0,20.752272243744837,477.9262390136719,47.04661178588867,563.09033203125,154.60877990722656
0.12998250122015143,-0.17368657260500578,3.0,21.261742789070816,478.2522888183594,44.62929916381836,563.8465576171875,154.62484741210938
0.4969999215789144,-0.1541237901856107,3.0,22.40176039224274,478.38104248046875,41.24763870239258,563.8450927734375,151.70838928222656
0.3385314503909485,-0.22615404187287483,3.0,21.486332527355437,479.4891052246094,38.894309997558594,566.0540161132812,151.36866760253906
0.33044369647648686,-0.20945042919978887,3.0,22.08772308615905,480.45025634765625,37.603755950927734,565.5640258789062,149.6270294189453
0.429193976012734,-0.19197955981665105,3.0,22.452726357825767,480.55377197265625,34.595619201660156,566.13623046875,147.6531524658203
0.328333141312599,-0.1700907725011808,3.0,21.042960852092854,479.9364929199219,30.92136573791504,568.3623657226562,145.7536163330078
0.41168022973604584,-0.12181591773742344,3.0,22.13049396916518,481.4389343261719,28.69696807861328,570.1450805664062,144.3130645751953
0.3792613034704023,-0.13808303830784543,3.0,22.344952505766965,483.7236633300781,27.305801391601562,571.6170043945312,142.3764190673828
0.5126001866123806,-0.16607738873843136,3.0,21.62670090388314,484.4039611816406,26.499332427978516,575.9583129882812,141.83570861816406
0.5078831956896322,-0.04141641600847628,3.0,22.343524097187817,487.1961975097656,26.49928092956543,580.4520874023438,144.38876342773438
0.7747883959306816,-0.05107836444328376,3.0,22.021967867268717,487.7583312988281,23.660581588745117,579.0630493164062,139.1514892578125
0.820915943907508,-0.17443412192299101,3.0,21.608428427912727,488.900390625,23.763797760009766,582.76708984375,138.43438720703125
0.6507692450234356,-0.13636236992754525,3.0,22.580736162629815,488.2691955566406,21.40631866455078,580.501953125,136.50204467773438
0.8488383889886618,-0.3195742708034374,3.0,21.323246958581805,486.30743408203125,20.328725814819336,579.8839111328125,135.46168518066406
0.6659450021791431,-0.3918356848733205,3.0,22.01826848371585,484.9602355957031,18.86467170715332,577.5562133789062,134.85430908203125
0.3918745670252356,-0.377572326707074,3.0,22.313332233884655,485.3183288574219,18.380409240722656,577.4002685546875,134.6170654296875
0.3635678277987833,-0.4147319460291677,3.0,21.094819218331146,482.98187255859375,17.92494773864746,575.6776123046875,134.49148559570312
0.2388930066311599,-0.48039857429168753,3.0,21.68843108966901,480.66912841796875,18.50287437438965,573.1795043945312,135.02366638183594
0.08907102055435416,-0.8838935784173748,1.0,21.94086752735871,478.8575134277344,20.283546447753906,572.075927734375,136.65696716308594
0.24636423875326818,-0.8052317892997043,3.0,21.2340793916781,477.7156982421875,20.813369750976562,571.216796875,137.54281616210938
0.26502341061479934,-0.4573379960965823,3.0,19.979631208646733,475.9758605957031,20.899211883544922,570.658935546875,140.25987243652344
0.07267500298717233,-0.12015889890717614,3.0,20.926736783283772,475.5359191894531,21.68767547607422,569.3880615234375,141.5848846435547
0.0999612188839062,-0.11332389596948776,3.0,20.362675987959996,473.5397644042969,20.5376033782959,569.3212890625,142.0504150390625
0.09283513243907215,-0.1251315532945721,3.0,20.405770026028364,472.7516784667969,20.627273559570312,568.7372436523438,142.87290954589844
0.08122002166080057,-0.07793581140451486,3.0,21.4963534699693,472.6798400878906,21.68708610534668,567.76513671875,141.87506103515625
0.0675148620590348,-0.05720576547933806,3.0,20.617922626947845,471.88616943359375,20.514034271240234,568.1641845703125,142.643798828125
0.13611043488842375,-0.07312853932081283,3.0,19.836007737090267,471.4092102050781,21.175079345703125,567.9576416015625,142.7237548828125
0.13905136368019824,-0.08639134786551643,3.0,21.076692696555813,471.84002685546875,22.250337600708008,567.0145874023438,143.69732666015625
0.07232240045884585,-0.04104943241026336,3.0,21.919196458900565,472.6955261230469,24.15209197998047,567.35205078125,145.3456268310547
0.08956823272987197,0.009413475505103084,3.0,21.70066225165563,472.6235046386719,24.752017974853516,567.7442626953125,146.22242736816406
0.053666158074513755,0.010336793455033555,3.0,22.383947059451383,473.8026123046875,28.454208374023438,567.5317993164062,147.59649658203125
0.08489598291343695,0.030335535344874584,3.0,21.57663677845168,474.2262878417969,30.369749069213867,567.1920776367188,148.8524627685547
0.1444408027781916,0.01198955122753673,3.0,21.656962874993546,474.4326477050781,31.22696876525879,566.9957885742188,149.11843872070312
0.0917075500335326,0.0503502562012561,3.0,22.038862091070545,472.9721374511719,31.499094009399414,566.0120239257812,149.95570373535156
0.049129995789781784,0.04407797920190147,3.0,21.438559007989042,471.6833190917969,31.21656608581543,565.3804321289062,149.99359130859375
0.035283156018023794,0.04289953041954141,3.0,21.726403903631684,471.3671875,32.290218353271484,563.7298583984375,150.79269409179688
0.0663952691367655,0.040038230144360275,3.0,22.735696358974636,470.84735107421875,32.76431655883789,563.4220581054688,151.08416748046875
0.09117172202220868,0.03841370187941194,3.0,21.66322683277036,470.79327392578125,33.635498046875,562.464599609375,151.8363494873047
0.09512385307988627,0.015185344535631817,3.0,22.626049898853676,469.927978515625,34.738372802734375,565.0659790039062,153.3394012451172
0.15693422408397134,-0.002079396179133869,3.0,22.256380867479596,469.4632263183594,35.87001037597656,564.1834716796875,153.85946655273438
0.12544553998709243,3.808320358813311e-05,3.0,21.3499478252017,469.3146057128906,36.325557708740234,564.34619140625,154.03848266601562
0.1510952433939726,0.030811708547780755,3.0,22.52084127555157,468.6474609375,36.973106384277344,563.718994140625,154.13063049316406
0.09548630930424604,0.05580307853319333,3.0,22.364611660321422,468.42938232421875,37.38066482543945,563.3026733398438,154.20663452148438
0.20494116484206668,-0.020362263378636846,3.0,21.45226526457922,467.7559814453125,37.07252883911133,562.8295288085938,154.18569946289062
0.20266655895503002,-0.07099534728765935,3.0,22.801078542228407,466.9958190917969,36.1962776184082,562.2889404296875,153.9483642578125
0.13495116086591225,-0.10590912286248916,3.0,21.99632896655164,466.3123474121094,35.25411605834961,560.9584350585938,153.60682678222656
0.13455781197290756,-0.12611852079455546,3.0,21.818968746098463,465.8232727050781,34.46702575683594,560.5076904296875,153.11795043945312
0.14361176073084994,-0.11823316712293984,3.0,22.393985990090552,464.63140869140625,33.12247848510742,559.6312866210938,152.82583618164062
0.1791692223411519,-0.15515283563081733,3.0,21.59618978966609,464.1180114746094,32.90149688720703,558.580322265625,152.47601318359375
0.35027439290154383,-0.3213058581442069,3.0,21.863780898466413,462.8166809082031,33.63921356201172,558.027587890625,152.2784423828125
0.6363847130275906,-0.6683335913608353,3.0,22.452245597130773,462.87493896484375,34.25117492675781,559.169677734375,153.22573852539062
0.60789767779534,-0.5739682065594035,3.0,21.351469397936278,462.73297119140625,35.65521240234375,558.0026245117188,153.41160583496094
0.4929750862234777,-0.5536695927308195,3.0,22.24292562895083,460.9538269042969,35.09870147705078,557.3362426757812,153.243896484375
0.414171084303597,-0.48562209845376897,3.0,22.25283843721483,461.93670654296875,34.84769058227539,558.1266479492188,155.4831085205078
0.4212510980615726,-0.41285281956400777,3.0,21.27695062623967,461.4294738769531,35.37556457519531,557.190185546875,155.1680145263672
0.3849234502640198,-0.48854491775013087,3.0,21.577746796240373,459.5607604980469,36.02286148071289,553.4999389648438,154.36834716796875
0.38433116323758615,-0.3892465596615454,3.0,18.51381152063562,461.03570556640625,35.402381896972656,557.0988159179688,155.16232299804688
0.39351613952116044,-0.4884109607472999,3.0,20.35506680190433,459.6172180175781,35.90510177612305,554.012939453125,154.43988037109375
0.32177750397325994,-0.582049835203358,3.0,20.528112764291308,460.0994873046875,34.92049789428711,554.8054809570312,154.5335693359375
0.2567921123175824,-0.48577709442921146,3.0,21.353208603792798,460.72467041015625,34.70671081542969,555.2381591796875,154.44273376464844
0.10460124445115125,-0.5686011380145668,3.0,21.503847751077934,461.0502014160156,34.70711135864258,555.5890502929688,154.5203399658203
0.041695515290716585,-0.44762358338830033,3.0,21.852048285671117,461.5258483886719,34.760704040527344,555.703125,154.3620147705078
0.2948039431885014,-0.461828884642783,3.0,22.45452939381448,460.8101806640625,34.16709518432617,557.81787109375,153.45526123046875
0.3069599419841681,-0.3831332733792685,3.0,21.068434800080368,460.8536376953125,35.15528869628906,557.0532836914062,153.93711853027344
0.3213474034572122,-0.360563515773065,3.0,20.62785985481872,460.7049560546875,35.5273551940918,557.5645751953125,153.754150390625
0.2727497735693373,-0.3434796036963157,3.0,22.411096803150365,461.6900939941406,35.884239196777344,557.0147094726562,153.73533630371094
0.4467631160400957,-0.38299638689923843,3.0,21.45336252224973,462.2669982910156,36.80602264404297,556.9124755859375,153.74708557128906
0.3816160705062504,-0.3661878456792033,3.0,22.295185141873,462.7270812988281,38.56207275390625,556.723388671875,153.9752960205078
0.3762053261195364,-0.35396606680461173,3.0,22.353884198857337,462.52752685546875,39.07912826538086,557.2073364257812,154.42051696777344
0.3091778225399861,-0.35248881134794474,3.0,21.49701451993993,463.3948669433594,39.10908126831055,556.74169921875,154.12069702148438
0.33221656281415257,-0.35358044107876824,3.0,22.36974063861674,463.7618103027344,39.19686508178711,557.1539916992188,154.16256713867188
0.3892516196676165,-0.28300267745003327,3.0,21.99333011724731,464.36724853515625,38.99763107299805,557.212158203125,153.9405975341797
0.3902036997573199,-0.29919150108440695,3.0,21.382927525592397,464.48114013671875,38.86933898925781,558.0216064453125,154.02999877929688
0.3848728502033083,-0.32197937158388795,3.0,22.38299144022029,464.81890869140625,39.01060485839844,558.0198364257812,154.28269958496094
0.4047496193152237,-0.4891848753600769,3.0,20.464112334662055,464.790283203125,39.192752838134766,557.7117919921875,154.21844482421875
0.45078635349887847,-0.46989400168797896,3.0,20.045708932932513,465.0070495605469,39.19369888305664,557.837158203125,154.0547332763672
0.4074551246666352,-0.42312330030789835,3.0,20.01786873353442,465.27734375,38.05170440673828,558.8217163085938,154.00531005859375
0.2795232574858448,-0.3887128621790935,3.0,20.3347376892608,465.329345703125,37.191524505615234,558.9344482421875,154.06410217285156
0.31143831367324537,-0.34413340974393014,3.0,19.108620579686374,466.10772705078125,37.4804573059082,558.5778198242188,153.65098571777344
0.31694573080752925,-0.39852607816381747,3.0,20.116469465374266,466.5367431640625,37.19136428833008,558.6493530273438,154.0464630126953
0.41376761539845,-0.3438244830574809,3.0,20.86739171534045,466.45361328125,36.736854553222656,559.2106323242188,154.0945281982422
0.3386534231688741,-0.338818539156459,3.0,19.30741398834458,466.1865539550781,36.44834518432617,559.1546020507812,154.2454833984375
0.4180662237139469,-0.36739079554359216,3.0,20.335329225189934,466.2204895019531,36.58349609375,558.7674560546875,154.1881866455078
0.3970285826828659,-0.3917038583993615,3.0,21.26562357402882,466.39691162109375,36.398311614990234,558.6080932617188,153.91397094726562
0.35618661052151973,-0.37189446726302516,3.0,20.774679907872905,466.287109375,36.71064376831055,558.5905151367188,153.9473114013672
0.30413885544144714,-0.3304903017955632,3.0,21.449851692748286,466.44134521484375,37.36869812011719,558.549072265625,153.914794921875
0.21425983181236294,-0.47176487235375963,3.0,22.25248425620865,467.3904113769531,37.21855545043945,559.0509033203125,153.9450225830078
0.235199734831438,-0.4864575320877268,3.0,21.56631908023282,467.5668029785156,37.05472183227539,559.0238037109375,154.19174194335938
0.1431795296859301,-0.45383620557923715,3.0,21.412073410419378,468.2483825683594,36.810302734375,559.842529296875,154.10496520996094
0.21350695617219756,-0.4525925093501702,3.0,21.089833968563642,468.1070556640625,36.703426361083984,559.98046875,154.22702026367188
0.17626824096572857,-0.4186451949349301,3.0,18.56889117134028,468.0550842285156,37.164703369140625,560.158203125,154.51531982421875
0.24118545569750008,-0.43902024148679936,3.0,20.305991140374235,468.0751037597656,37.209632873535156,560.7103271484375,154.74636840820312
0.22438570290906223,-0.4017580904627377,3.0,21.708074984214395,468.1033630371094,37.00424575805664,560.6083374023438,154.7130126953125
0.16717913848139715,-0.35463398760600356,3.0,22.247172893726265,467.9643249511719,36.85831069946289,560.4591674804688,154.7836151123047
0.12749830455532551,-0.38236788088197976,3.0,21.437791975466393,468.0565185546875,36.82798767089844,560.744140625,154.89694213867188
0.11500035587569264,-0.3697069467436341,3.0,22.576239073332474,468.1067810058594,36.953304290771484,560.8235473632812,154.98313903808594
0.1288285535198201,-0.42522693125295197,3.0,22.12979338581348,468.268310546875,37.32893753051758,560.3238525390625,154.88772583007812
0.12382074540603509,-0.3902700124684629,3.0,21.7819161919204,468.0967712402344,36.68547821044922,560.70556640625,154.84054565429688
0.5625933129114571,-0.4298235472944287,3.0,21.716504693510892,467.536865234375,38.1507568359375,559.9746704101562,154.5027618408203
0.4185298800597297,-0.42670312144518285,3.0,20.177825244026227,467.28485107421875,37.74921417236328,560.5767822265625,154.82089233398438
0.3641633106185251,-0.44053105277320126,3.0,20.23047760531723,466.71722412109375,37.205265045166016,560.875732421875,154.76966857910156
0.3169798192694822,-0.422000511592321,3.0,20.86064566827313,467.03118896484375,37.255245208740234,560.0405883789062,154.36138916015625
0.32457728522726026,-0.41344723711931347,3.0,19.574671445639186,466.7283630371094,36.88395309448242,560.1098022460938,154.3146514892578
0.33659160385293474,-0.42019009468328505,3.0,19.957480419866577,466.2927551269531,36.93326950073242,559.9688720703125,154.3107452392578
0.3410659808003769,-0.4263526494457284,3.0,20.77838491224072,466.06878662109375,37.002357482910156,559.6781616210938,154.12161254882812
0.3815625409683398,-0.4501269548129748,3.0,19.63239437938233,465.9096984863281,37.571449279785156,559.2059936523438,153.9534454345703
0.35890702957503573,-0.4297870619874946,3.0,21.018917659321772,465.8695068359375,37.52986145019531,559.1331787109375,153.94248962402344
0.3837308867278823,-0.44368503445218216,3.0,22.238326255123088,465.5597229003906,37.68027114868164,558.8510131835938,154.1704559326172
0.4191077860162769,-0.48928687442982693,3.0,22.375349422785565,465.2261962890625,37.58924865722656,558.7457275390625,154.1162567138672
0.41383552600624707,-0.4347543900527105,3.0,21.550694926140014,464.7533874511719,37.460140228271484,558.2763061523438,153.86782836914062
0.4248343813082742,-0.26972229204213516,3.0,22.386933895545887,465.4264221191406,37.75127410888672,559.0679931640625,154.44163513183594
0.460650968492641,-0.3591259414166402,3.0,22.058450130163823,464.8320007324219,38.39421463012695,558.8514404296875,154.62940979003906
0.33307170384017704,-0.31846000420334825,3.0,21.418415233854372,464.0061950683594,38.29171371459961,558.6920776367188,154.12069702148438
0.34323406024381037,-0.3114833210956677,3.0,22.16253460993807,463.41064453125,37.73759841918945,558.8375244140625,154.3344268798828
0.4111827512444191,-0.3556103024616266,3.0,20.46940548348999,463.1195068359375,37.893428802490234,558.0526123046875,154.165771484375
0.39271799014246367,-0.4487831237269208,3.0,20.569791962963325,462.6651611328125,37.949790954589844,557.7578735351562,153.91946411132812
0.39034111886956796,-0.4339261469536958,3.0,21.13191120605395,462.6452331542969,37.80227279663086,557.8103637695312,154.07638549804688
0.5499864409432399,-0.4329351847120773,3.0,21.14341597185115,462.93609619140625,37.61882019042969,558.0663452148438,154.17803955078125
0.5834128410492606,-0.40996355609738083,3.0,20.198328004006626,463.26947021484375,37.648983001708984,557.8342895507812,154.0439453125
0.46175831087389585,-0.43361935079611863,3.0,20.505632040050063,462.95916748046875,37.403411865234375,557.8677368164062,154.01478576660156
0.5696797182560489,-0.38718553929393307,3.0,20.976239653922132,463.17767333984375,37.71302795410156,557.635498046875,154.12660217285156
0.45491744898180936,-0.36363973314821557,3.0,19.428237920764104,462.7862243652344,37.47793197631836,557.6224975585938,153.96217346191406
0.3071008232058333,-0.4017407799156522,3.0,19.614307960661993,463.16937255859375,36.37400436401367,558.2890014648438,156.1287841796875
0.4193930105690244,-0.4344012548921659,3.0,19.92874824792721,460.9841613769531,36.670833587646484,556.43212890625,153.38697814941406
0.42003376712729745,-0.4176230737085577,3.0,19.82672490404069,460.94805908203125,36.64400863647461,556.5402221679688,153.5760498046875
0.4318526097289601,-0.47067963420955233,3.0,19.732979539220807,461.2878112792969,36.8038444519043,556.65234375,153.57537841796875
0.35458605070638216,-0.4942685835649292,3.0,21.060606364923625,461.3163146972656,36.93207931518555,556.68310546875,153.79190063476562
0.3251168416641103,-0.46912781024236316,3.0,22.05323097954677,461.033203125,36.523681640625,556.7542114257812,153.72914123535156
0.32258630599631705,-0.4359365672605966,3.0,21.270260813120274,460.2855224609375,36.68693542480469,556.5485229492188,153.96630859375
0.33001732438596515,-0.41942603376654136,3.0,22.443835616438356,460.2796936035156,36.79714584350586,556.5386962890625,154.0263671875
0.3889576066832718,-0.4105316083578947,3.0,21.512119564659905,460.2734680175781,37.052494049072266,556.6000366210938,153.98049926757812
0.48126037322043713,-0.477053377646439,3.0,21.70683917712511,460.6768493652344,37.098995208740234,556.7361450195312,154.37278747558594
0.3529431466299123,-0.3973279219893909,3.0,22.449121154381384,462.4264831542969,37.156803131103516,558.62158203125,156.94561767578125
0.4186332107100248,-0.43651127742383566,3.0,21.274036803343545,460.7195129394531,37.589271545410156,556.770263671875,154.6211700439453
0.4206452289135797,-0.3445419386551483,3.0,21.77106226155563,461.9329833984375,36.37111282348633,558.6422729492188,156.51119995117188
0.37511502796925794,-0.3127672310571949,3.0,21.948560155313793,461.93603515625,36.29297637939453,558.6403198242188,156.39097595214844
0.43378659731257563,-0.3293470067395922,3.0,21.268535092567706,462.143798828125,36.174903869628906,558.253173828125,156.24765014648438
0.4285444310228636,-0.38638206359305616,3.0,22.600934362892755,462.1029968261719,35.87099838256836,558.3609008789062,156.0851287841797
0.3870955244490884,-0.40751131736563584,3.0,22.434471913477893,461.8736877441406,35.79185485839844,558.2345581054688,156.35023498535156
0.3983561684862705,-0.4007341050236022,3.0,21.43790154818067,461.9676818847656,35.73297882080078,558.338623046875,156.3275604248047
0.466297136319718,-0.35544412120960567,3.0,22.473659393887438,462.11578369140625,36.08031463623047,558.2359619140625,156.42803955078125
0.45746529519668816,-0.316099111896993,3.0,22.150596237734614,462.57305908203125,36.082454681396484,558.3646240234375,156.39344787597656
0.43662978809234426,-0.302587564106476,3.0,21.458960282824354,462.79571533203125,36.27750015258789,558.5137939453125,156.5679168701172
0.37198368315954283,-0.3989362049716897,3.0,21.84590223703742,461.498046875,37.17369079589844,557.2133178710938,153.63119506835938
0.4857856165446998,-0.35119158558096714,3.0,21.670390080082665,463.08056640625,36.243465423583984,558.976318359375,156.12799072265625
0.4909044784759411,-0.5046589065578733,3.0,19.844548112680855,463.5255126953125,36.555763244628906,559.0333862304688,155.90057373046875
0.26358130888452147,-0.33622701709970293,3.0,20.97592494423829,462.0417785644531,37.55462646484375,558.0626831054688,153.7412567138672
0.28312278601519586,-0.40614937678416935,3.0,21.223871836131604,462.397705078125,38.26254653930664,558.1353759765625,153.47116088867188
0.3138340933898806,-0.5462441669794607,3.0,20.742419971415714,462.4512939453125,38.35227584838867,557.9674682617188,153.6725616455078
0.31377736805866197,-0.48719016770360757,3.0,22.174720324825003,462.6842041015625,38.08150863647461,558.4063110351562,153.71604919433594
0.4194494695841341,-0.4205477572176827,3.0,21.862869176318505,462.9750671386719,39.06131362915039,558.9909057617188,154.30538940429688
0.41271486781954164,-0.45813667810749714,3.0,21.236767222610403,463.2803039550781,39.61225891113281,558.607421875,154.10772705078125
0.39519286574347434,-0.3914338138648275,3.0,21.919654662423113,463.2887878417969,39.9533576965332,558.521484375,154.54542541503906
0.3307627431750783,-0.32452242410880466,3.0,21.762703070113993,463.2734680175781,40.29338836669922,558.14501953125,154.3756103515625
0.4307428705027241,-0.5369529305683922,3.0,21.2254829029336,462.8511657714844,40.4881477355957,557.7637939453125,154.3264617919922
0.40017457487857655,-0.5307770600004984,3.0,22.112526360185576,462.17523193359375,40.70249938964844,558.0119018554688,154.6844940185547
0.5015198385809969,-0.5288989987997745,3.0,22.036893622163493,461.979248046875,41.286468505859375,557.658447265625,154.61766052246094
0.45284710755038177,-0.47276009565312227,3.0,18.994479591698102,462.00115966796875,41.50770950317383,557.8662719726562,154.75254821777344
0.7431814674814032,-0.5910340091407402,3.0,20.262631825582012,462.6235656738281,41.11862564086914,559.6988525390625,155.7125701904297
0.6525498345282625,-0.6688811372809554,3.0,20.711794101961402,462.5583801269531,41.77776336669922,559.3773803710938,155.67086791992188
0.6100063687464647,-0.6591366308523555,3.0,20.816334228327815,462.815185546875,41.26663589477539,560.001708984375,155.85354614257812
0.6049966964199167,-0.584942028147184,3.0,20.668926910037058,465.12725830078125,41.87469482421875,559.8980712890625,156.05413818359375
0.3498632008292356,-0.5791896001926129,3.0,20.245711251629096,466.2864074707031,42.9949836730957,559.9940795898438,156.7166290283203
0.38318840081383315,-0.5390871878659816,3.0,20.76120895330304,468.64044189453125,44.532997131347656,561.5849609375,157.3690185546875
0.5580334484930234,-0.5972953671796256,3.0,21.681031764493035,471.5169372558594,47.062156677246094,561.9595336914062,158.6922607421875
0.3596295451787742,-0.3262398966957968,3.0,20.79816727575657,472.7287292480469,50.11880111694336,563.30322265625,161.02037048339844
0.5864701499806715,-0.40375785812527815,3.0,20.37167600017485,473.35968017578125,49.85792922973633,567.421630859375,162.11463928222656
0.6365335837325261,-0.5851193946757833,3.0,21.93891652413158,475.67681884765625,52.572017669677734,568.98681640625,163.6521759033203
0.7903345987940191,-0.5267442351617915,3.0,21.435929410682434,476.96759033203125,52.512718200683594,570.65966796875,164.76498413085938
0.6000099272787434,-0.3061423515295138,3.0,20.97225402889101,478.5642395019531,51.89794158935547,572.4844970703125,166.86965942382812
0.8639904440106676,-0.5434758110263233,3.0,22.221007236932728,479.6650695800781,55.29550552368164,575.6260986328125,166.8072052001953
0.7733401689298964,-0.48982563191834994,3.0,19.47876485531308,481.93939208984375,57.88071060180664,577.7239990234375,168.74415588378906
0.820817673263284,-0.5091015918883435,3.0,21.427168743326845,484.27032470703125,59.831687927246094,579.2689819335938,170.21136474609375
0.9569166565590206,-0.7193014346188806,3.0,22.673629355735027,486.0667419433594,62.961700439453125,575.56591796875,171.3974609375
0.9205424034423914,-0.6242012836726961,3.0,22.336027947300593,487.818603515625,64.06046295166016,577.5908203125,173.03822326660156
0.9367733050219883,-0.6027324768611314,3.0,21.387179840194175,487.882568359375,64.06230163574219,578.849365234375,175.3623809814453
0.9789543145794263,-0.6720079547168175,3.0,21.44634201214898,489.8154296875,65.76984405517578,579.5242309570312,177.61175537109375
0.8338682278691084,-0.49704226584024674,3.0,21.46983486726932,490.4252014160156,68.95743560791016,580.5054931640625,180.5686492919922
0.7159703527274096,-0.29689958465028476,3.0,20.678811424289187,490.0869140625,71.26583099365234,582.1228637695312,181.5016326904297
0.7850812472277288,-0.32171571863597015,3.0,21.3147947697671,490.4554138183594,71.5617446899414,585.5691528320312,183.55734252929688
0.7630531765872475,-0.24014123023408002,3.0,21.623801986935923,490.2206726074219,72.94926452636719,588.7757568359375,185.27293395996094
0.6614490536268713,-0.12634728633219325,3.0,19.447064605569413,495.7863464355469,77.10807037353516,592.199462890625,185.3745574951172
0.8463097175336316,-0.36879161827697376,3.0,20.150488352093934,498.60797119140625,79.82152557373047,595.23583984375,186.69912719726562
0.7536104063101534,-0.3482767557678754,3.0,21.436477190256667,500.4513854980469,79.62274932861328,597.099853515625,188.94131469726562
0.7857329227464712,-0.31828716504860216,3.0,20.081507583882335,505.95697021484375,82.7283935546875,602.192626953125,191.20494079589844
0.7349760018467602,-0.2743756334148306,3.0,21.19512860680176,508.696533203125,85.77776336669922,607.4808349609375,194.7097930908203
0.6880772024182467,-0.20456938755389165,3.0,21.8558059069971,511.3788146972656,88.64803314208984,611.306640625,201.18121337890625
0.6596652683287363,-0.10219587735459168,3.0,21.216786046699852,516.7676391601562,90.40528106689453,616.3424682617188,204.5950927734375
0.7717270922576355,-0.20910954458025874,3.0,20.666380886215034,520.93115234375,99.49543762207031,622.1398315429688,210.32931518554688
0.8423645106947882,-0.058108310772765924,3.0,22.35590970871199,524.7478637695312,103.8790512084961,630.5556640625,218.1857452392578
0.7698074857439065,-0.06071954022158861,3.0,21.09184899853665,535.6419067382812,107.42561340332031,638.0892944335938,219.99349975585938
0.8984291116470274,0.0012013519677347444,3.0,21.733158541071862,541.7697143554688,111.90401458740234,645.4658203125,221.4176788330078
0.8047233918476083,-0.03684190420404717,3.0,21.914500977042124,543.8353881835938,110.70043182373047,654.15478515625,229.29722595214844
0.9435169615342869,0.015580823957508583,3.0,21.406500081659317,550.4645385742188,122.87872314453125,660.587158203125,236.28955078125
1.1929515587083075,-0.05197771394340352,3.0,21.263683004481578,559.4603881835938,131.7576446533203,662.4900512695312,239.18667602539062
1.1824336702991485,-0.008486961761864515,3.0,21.728880116459184,563.3682250976562,131.50460815429688,675.8196411132812,248.6937255859375
1.2687475201769436,-0.008449411190494398,3.0,20.99471916467697,573.53759765625,146.27249145507812,681.561767578125,254.8708038330078
42.0,42.0,4.0,27.198827565187504,-1.0,-1.0,-1.0,-1.0
42.0,42.0,4.0,28.58888563229751,-1.0,-1.0,-1.0,-1.0
-1.2127253966440912,-0.09890341129892671,3.0,21.355709208663864,576.4896850585938,162.49351501464844,692.3850708007812,279.0882568359375
42.0,42.0,4.0,28.11478365787445,-1.0,-1.0,-1.0,-1.0
42.0,42.0,4.0,27.564545914578446,-1.0,-1.0,-1.0,-1.0
-0.5844349622756329,-0.07597173010058142,3.0,22.265005494184656,593.0924682617188,180.27992248535156,699.4906616210938,292.5706481933594
42.0,42.0,4.0,27.41966567952565,-1.0,-1.0,-1.0,-1.0
42.0,42.0,4.0,28.264646818604525,-1.0,-1.0,-1.0,-1.0
42.0,42.0,4.0,28.60097238985605,-1.0,-1.0,-1.0,-1.0
42.0,42.0,4.0,27.63082517556226,-1.0,-1.0,-1.0,-1.0
42.0,42.0,4.0,27.895820585809677,-1.0,-1.0,-1.0,-1.0
42.0,42.0,4.0,26.900186632974393,-1.0,-1.0,-1.0,-1.0
42.0,42.0,4.0,27.994313441502534,-1.0,-1.0,-1.0,-1.0
42.0,42.0,4.0,27.36849523337227,-1.0,-1.0,-1.0,-1.0
42.0,42.0,4.0,30.40342140553079,-1.0,-1.0,-1.0,-1.0
42.0,42.0,4.0,26.48671655457674,-1.0,-1.0,-1.0,-1.0
42.0,42.0,4.0,27.852473603824954,-1.0,-1.0,-1.0,-1.0
42.0,42.0,4.0,27.578138972174006,-1.0,-1.0,-1.0,-1.0
42.0,42.0,4.0,28.004406668758723,-1.0,-1.0,-1.0,-1.0
42.0,42.0,4.0,26.196717215879282,-1.0,-1.0,-1.0,-1.0
42.0,42.0,4.0,28.69607219337315,-1.0,-1.0,-1.0,-1.0
42.0,42.0,4.0,26.015382325212126,-1.0,-1.0,-1.0,-1.0
42.0,42.0,4.0,27.841011071874252,-1.0,-1.0,-1.0,-1.0
42.0,42.0,4.0,26.79124908179234,-1.0,-1.0,-1.0,-1.0
42.0,42.0,4.0,27.053044375644994,-1.0,-1.0,-1.0,-1.0
42.0,42.0,4.0,27.034909503429073,-1.0,-1.0,-1.0,-1.0
42.0,42.0,4.0,26.67877747034316,-1.0,-1.0,-1.0,-1.0
42.0,42.0,4.0,27.651956065980144,-1.0,-1.0,-1.0,-1.0
42.0,42.0,4.0,25.98846280151929,-1.0,-1.0,-1.0,-1.0
42.0,42.0,4.0,27.08676306289434,-1.0,-1.0,-1.0,-1.0
42.0,42.0,4.0,25.993294538333302,-1.0,-1.0,-1.0,-1.0
42.0,42.0,4.0,27.812027133659132,-1.0,-1.0,-1.0,-1.0
42.0,42.0,4.0,26.22702175421922,-1.0,-1.0,-1.0,-1.0
42.0,42.0,4.0,27.209943819495802,-1.0,-1.0,-1.0,-1.0
42.0,42.0,4.0,25.75847499263044,-1.0,-1.0,-1.0,-1.0
42.0,42.0,4.0,27.464192405660068,-1.0,-1.0,-1.0,-1.0
42.0,42.0,4.0,27.321964120536236,-1.0,-1.0,-1.0,-1.0
42.0,42.0,4.0,27.74836426185042,-1.0,-1.0,-1.0,-1.0
42.0,42.0,4.0,27.266193410822478,-1.0,-1.0,-1.0,-1.0
42.0,42.0,4.0,26.545555808713704,-1.0,-1.0,-1.0,-1.0
42.0,42.0,4.0,27.980120477909047,-1.0,-1.0,-1.0,-1.0
42.0,42.0,4.0,26.80511778314608,-1.0,-1.0,-1.0,-1.0
42.0,42.0,4.0,28.115537501424445,-1.0,-1.0,-1.0,-1.0
42.0,42.0,4.0,26.95204374730917,-1.0,-1.0,-1.0,-1.0
42.0,42.0,4.0,26.623233022095555,-1.0,-1.0,-1.0,-1.0
42.0,42.0,4.0,26.202281444831765,-1.0,-1.0,-1.0,-1.0
42.0,42.0,4.0,27.114604882085228,-1.0,-1.0,-1.0,-1.0
42.0,42.0,4.0,26.070361254071255,-1.0,-1.0,-1.0,-1.0
42.0,42.0,4.0,27.830296596111737,-1.0,-1.0,-1.0,-1.0
42.0,42.0,4.0,26.045753744504335,-1.0,-1.0,-1.0,-1.0
42.0,42.0,4.0,29.289218801282097,-1.0,-1.0,-1.0,-1.0
42.0,42.0,4.0,27.402110214614705,-1.0,-1.0,-1.0,-1.0
42.0,42.0,4.0,29.386487679448464,-1.0,-1.0,-1.0,-1.0
42.0,42.0,4.0,27.740839704754094,-1.0,-1.0,-1.0,-1.0
42.0,42.0,4.0,28.723978057950568,-1.0,-1.0,-1.0,-1.0
42.0,42.0,4.0,27.416977160711717,-1.0,-1.0,-1.0,-1.0
42.0,42.0,4.0,28.425745325408496,-1.0,-1.0,-1.0,-1.0
42.0,42.0,4.0,27.7737208393757,-1.0,-1.0,-1.0,-1.0
42.0,42.0,4.0,27.139693940276295,-1.0,-1.0,-1.0,-1.0
42.0,42.0,4.0,28.5241424335573,-1.0,-1.0,-1.0,-1.0
42.0,42.0,4.0,26.995237237082616,-1.0,-1.0,-1.0,-1.0
42.0,42.0,4.0,28.42343374106326,-1.0,-1.0,-1.0,-1.0
42.0,42.0,4.0,26.736940072542758,-1.0,-1.0,-1.0,-1.0
42.0,42.0,4.0,28.75647213690215,-1.0,-1.0,-1.0,-1.0
42.0,42.0,4.0,27.291919080184535,-1.0,-1.0,-1.0,-1.0
42.0,42.0,4.0,28.787854245454607,-1.0,-1.0,-1.0,-1.0
42.0,42.0,4.0,27.11285213771348,-1.0,-1.0,-1.0,-1.0
42.0,42.0,4.0,29.048438257497057,-1.0,-1.0,-1.0,-1.0
42.0,42.0,4.0,27.257688008526348,-1.0,-1.0,-1.0,-1.0
42.0,42.0,4.0,27.873945000465195,-1.0,-1.0,-1.0,-1.0
42.0,42.0,4.0,25.551498315575294,-1.0,-1.0,-1.0,-1.0
42.0,42.0,4.0,28.015817035374585,-1.0,-1.0,-1.0,-1.0
42.0,42.0,4.0,26.224070125858912,-1.0,-1.0,-1.0,-1.0
42.0,42.0,4.0,27.976014674003668,-1.0,-1.0,-1.0,-1.0
42.0,42.0,4.0,27.23078920715714,-1.0,-1.0,-1.0,-1.0
42.0,42.0,4.0,28.177869144312098,-1.0,-1.0,-1.0,-1.0
42.0,42.0,4.0,27.03386400257815,-1.0,-1.0,-1.0,-1.0
42.0,42.0,4.0,27.788257430203128,-1.0,-1.0,-1.0,-1.0
42.0,42.0,4.0,27.39674058591071,-1.0,-1.0,-1.0,-1.0
42.0,42.0,4.0,26.832554985477948,-1.0,-1.0,-1.0,-1.0
42.0,42.0,4.0,27.403900558622716,-1.0,-1.0,-1.0,-1.0
42.0,42.0,4.0,25.79094492304476,-1.0,-1.0,-1.0,-1.0
42.0,42.0,4.0,27.30808896296682,-1.0,-1.0,-1.0,-1.0
42.0,42.0,4.0,26.039609123756783,-1.0,-1.0,-1.0,-1.0
42.0,42.0,4.0,27.181201355721313,-1.0,-1.0,-1.0,-1.0
42.0,42.0,4.0,25.793482605727778,-1.0,-1.0,-1.0,-1.0
42.0,42.0,4.0,27.043102058711646,-1.0,-1.0,-1.0,-1.0
42.0,42.0,4.0,25.868888655889773,-1.0,-1.0,-1.0,-1.0
42.0,42.0,4.0,27.145490317904112,-1.0,-1.0,-1.0,-1.0
42.0,42.0,4.0,26.50898105193968,-1.0,-1.0,-1.0,-1.0
42.0,42.0,4.0,25.40785926738107,-1.0,-1.0,-1.0,-1.0
42.0,42.0,4.0,26.509986347777723,-1.0,-1.0,-1.0,-1.0
42.0,42.0,4.0,26.239491513760033,-1.0,-1.0,-1.0,-1.0
42.0,42.0,4.0,27.575056704250354,-1.0,-1.0,-1.0,-1.0
42.0,42.0,4.0,26.13550344896344,-1.0,-1.0,-1.0,-1.0
42.0,42.0,4.0,27.841011071874252,-1.0,-1.0,-1.0,-1.0
42.0,42.0,4.0,26.360370551931318,-1.0,-1.0,-1.0,-1.0
42.0,42.0,4.0,27.574331564864668,-1.0,-1.0,-1.0,-1.0
42.0,42.0,4.0,25.944897378481027,-1.0,-1.0,-1.0,-1.0
42.0,42.0,4.0,27.652320675105486,-1.0,-1.0,-1.0,-1.0
42.0,42.0,4.0,27.12986332559298,-1.0,-1.0,-1.0,-1.0
42.0,42.0,4.0,28.79575990168684,-1.0,-1.0,-1.0,-1.0
42.0,42.0,4.0,27.749282170029772,-1.0,-1.0,-1.0,-1.0
42.0,42.0,4.0,29.235322408637526,-1.0,-1.0,-1.0,-1.0
42.0,42.0,4.0,27.651226876573975,-1.0,-1.0,-1.0,-1.0
42.0,42.0,4.0,28.90550226044768,-1.0,-1.0,-1.0,-1.0
42.0,42.0,4.0,27.38565001926128,-1.0,-1.0,-1.0,-1.0
42.0,42.0,4.0,27.07871885753391,-1.0,-1.0,-1.0,-1.0
42.0,42.0,4.0,27.636833261951043,-1.0,-1.0,-1.0,-1.0
42.0,42.0,4.0,27.191950624967586,-1.0,-1.0,-1.0,-1.0
42.0,42.0,4.0,28.03098288456269,-1.0,-1.0,-1.0,-1.0
42.0,42.0,4.0,26.289159798176062,-1.0,-1.0,-1.0,-1.0
42.0,42.0,4.0,27.71041608858234,-1.0,-1.0,-1.0,-1.0
42.0,42.0,4.0,26.469833897107083,-1.0,-1.0,-1.0,-1.0
42.0,42.0,4.0,28.048790926599615,-1.0,-1.0,-1.0,-1.0
42.0,42.0,4.0,26.043651311091654,-1.0,-1.0,-1.0,-1.0
42.0,42.0,4.0,27.595920784262123,-1.0,-1.0,-1.0,-1.0
42.0,42.0,4.0,26.35838266530925,-1.0,-1.0,-1.0,-1.0
42.0,42.0,4.0,27.513736191650704,-1.0,-1.0,-1.0,-1.0
42.0,42.0,4.0,25.886610790860725,-1.0,-1.0,-1.0,-1.0
42.0,42.0,4.0,26.996801040144693,-1.0,-1.0,-1.0,-1.0
42.0,42.0,4.0,26.860564453637824,-1.0,-1.0,-1.0,-1.0
42.0,42.0,4.0,26.803062254770396,-1.0,-1.0,-1.0,-1.0
42.0,42.0,4.0,27.20888473714256,-1.0,-1.0,-1.0,-1.0
42.0,42.0,4.0,26.314889986134553,-1.0,-1.0,-1.0,-1.0
42.0,42.0,4.0,27.457000896837503,-1.0,-1.0,-1.0,-1.0
42.0,42.0,4.0,26.11841482551623,-1.0,-1.0,-1.0,-1.0
42.0,42.0,4.0,27.606455519574546,-1.0,-1.0,-1.0,-1.0
42.0,42.0,4.0,26.01086498151961,-1.0,-1.0,-1.0,-1.0
42.0,42.0,4.0,27.662533635836017,-1.0,-1.0,-1.0,-1.0
42.0,42.0,4.0,25.944415921813626,-1.0,-1.0,-1.0,-1.0
42.0,42.0,4.0,27.476066634786083,-1.0,-1.0,-1.0,-1.0
42.0,42.0,4.0,25.881179809946932,-1.0,-1.0,-1.0,-1.0
42.0,42.0,4.0,27.48705043514732,-1.0,-1.0,-1.0,-1.0
42.0,42.0,4.0,27.037349319925223,-1.0,-1.0,-1.0,-1.0
42.0,42.0,4.0,27.402647293253715,-1.0,-1.0,-1.0,-1.0
42.0,42.0,4.0,26.906226344893064,-1.0,-1.0,-1.0,-1.0
42.0,42.0,4.0,26.21816886177388,-1.0,-1.0,-1.0,-1.0
42.0,42.0,4.0,26.473843667945868,-1.0,-1.0,-1.0,-1.0
42.0,42.0,4.0,25.755944193358225,-1.0,-1.0,-1.0,-1.0
42.0,42.0,4.0,25.92837758476803,-1.0,-1.0,-1.0,-1.0
42.0,42.0,4.0,25.492484698932117,-1.0,-1.0,-1.0,-1.0
42.0,42.0,4.0,26.636420791922014,-1.0,-1.0,-1.0,-1.0
42.0,42.0,4.0,25.693307605133388,-1.0,-1.0,-1.0,-1.0
42.0,42.0,4.0,27.070854148110858,-1.0,-1.0,-1.0,-1.0
42.0,42.0,4.0,26.17938507246558,-1.0,-1.0,-1.0,-1.0
42.0,42.0,4.0,26.872783188108663,-1.0,-1.0,-1.0,-1.0
42.0,42.0,4.0,27.01749504006596,-1.0,-1.0,-1.0,-1.0
42.0,42.0,4.0,26.691510754740996,-1.0,-1.0,-1.0,-1.0
42.0,42.0,4.0,28.408032781333603,-1.0,-1.0,-1.0,-1.0
42.0,42.0,4.0,26.364678668409937,-1.0,-1.0,-1.0,-1.0
42.0,42.0,4.0,28.371906137330637,-1.0,-1.0,-1.0,-1.0
42.0,42.0,4.0,26.58678110282139,-1.0,-1.0,-1.0,-1.0
42.0,42.0,4.0,28.620098122837785,-1.0,-1.0,-1.0,-1.0
42.0,42.0,4.0,26.67843808239567,-1.0,-1.0,-1.0,-1.0
42.0,42.0,4.0,27.634101989721966,-1.0,-1.0,-1.0,-1.0
42.0,42.0,4.0,26.121180038736757,-1.0,-1.0,-1.0,-1.0
42.0,42.0,4.0,27.89637719234069,-1.0,-1.0,-1.0,-1.0
42.0,42.0,4.0,26.515013970895023,-1.0,-1.0,-1.0,-1.0
42.0,42.0,4.0,27.826973090600287,-1.0,-1.0,-1.0,-1.0
42.0,42.0,4.0,25.72529777603317,-1.0,-1.0,-1.0,-1.0
42.0,42.0,4.0,27.272221283014943,-1.0,-1.0,-1.0,-1.0
42.0,42.0,4.0,26.952216938696825,-1.0,-1.0,-1.0,-1.0
42.0,42.0,4.0,26.499936819227173,-1.0,-1.0,-1.0,-1.0
42.0,42.0,4.0,28.071129791121493,-1.0,-1.0,-1.0,-1.0
42.0,42.0,4.0,27.19106921745444,-1.0,-1.0,-1.0,-1.0
42.0,42.0,4.0,28.02686214108638,-1.0,-1.0,-1.0,-1.0
42.0,42.0,4.0,26.676062608518677,-1.0,-1.0,-1.0,-1.0
42.0,42.0,4.0,27.239631635688216,-1.0,-1.0,-1.0,-1.0
42.0,42.0,4.0,25.570035115099493,-1.0,-1.0,-1.0,-1.0
42.0,42.0,4.0,26.88535770830796,-1.0,-1.0,-1.0,-1.0
42.0,42.0,4.0,25.011204732344645,-1.0,-1.0,-1.0,-1.0
42.0,42.0,4.0,26.569602371706754,-1.0,-1.0,-1.0,-1.0
42.0,42.0,4.0,25.56473614277181,-1.0,-1.0,-1.0,-1.0
42.0,42.0,4.0,26.359376571141276,-1.0,-1.0,-1.0,-1.0
42.0,42.0,4.0,26.091119460548907,-1.0,-1.0,-1.0,-1.0
42.0,42.0,4.0,25.603906846137413,-1.0,-1.0,-1.0,-1.0
42.0,42.0,4.0,26.693039565712684,-1.0,-1.0,-1.0,-1.0
42.0,42.0,4.0,25.39263097991258,-1.0,-1.0,-1.0,-1.0
42.0,42.0,4.0,27.55784494086728,-1.0,-1.0,-1.0,-1.0
42.0,42.0,4.0,25.639278924622072,-1.0,-1.0,-1.0,-1.0
42.0,42.0,4.0,28.749967440999665,-1.0,-1.0,-1.0,-1.0
42.0,42.0,4.0,27.386007639319644,-1.0,-1.0,-1.0,-1.0
42.0,42.0,4.0,28.692146145584644,-1.0,-1.0,-1.0,-1.0
42.0,42.0,4.0,27.376712552298525,-1.0,-1.0,-1.0,-1.0
42.0,42.0,4.0,28.752726649528707,-1.0,-1.0,-1.0,-1.0
42.0,42.0,4.0,26.424807529957285,-1.0,-1.0,-1.0,-1.0
42.0,42.0,4.0,28.084098883145405,-1.0,-1.0,-1.0,-1.0
42.0,42.0,4.0,25.77097810793042,-1.0,-1.0,-1.0,-1.0
42.0,42.0,4.0,26.05093041166679,-1.0,-1.0,-1.0,-1.0
42.0,42.0,4.0,26.499267121556734,-1.0,-1.0,-1.0,-1.0
42.0,42.0,4.0,24.617927407616097,-1.0,-1.0,-1.0,-1.0
42.0,42.0,4.0,25.724982213390252,-1.0,-1.0,-1.0,-1.0
42.0,42.0,4.0,25.39816642646934,-1.0,-1.0,-1.0,-1.0
42.0,42.0,4.0,25.967706785537395,-1.0,-1.0,-1.0,-1.0
42.0,42.0,4.0,24.75888693434707,-1.0,-1.0,-1.0,-1.0
42.0,42.0,4.0,25.028517552705857,-1.0,-1.0,-1.0,-1.0
42.0,42.0,4.0,25.75879137751029,-1.0,-1.0,-1.0,-1.0
42.0,42.0,4.0,26.563544589194223,-1.0,-1.0,-1.0,-1.0
42.0,42.0,4.0,26.883634475730208,-1.0,-1.0,-1.0,-1.0
42.0,42.0,4.0,26.232598865462915,-1.0,-1.0,-1.0,-1.0
42.0,42.0,4.0,27.725986104959777,-1.0,-1.0,-1.0,-1.0
42.0,42.0,4.0,26.37711382088257,-1.0,-1.0,-1.0,-1.0
42.0,42.0,4.0,27.72195454034726,-1.0,-1.0,-1.0,-1.0
42.0,42.0,4.0,25.701022083874605,-1.0,-1.0,-1.0,-1.0
42.0,42.0,4.0,27.58303575538764,-1.0,-1.0,-1.0,-1.0
42.0,42.0,4.0,27.65742621264474,-1.0,-1.0,-1.0,-1.0
42.0,42.0,4.0,29.783802591869343,-1.0,-1.0,-1.0,-1.0
42.0,42.0,4.0,27.72323718372419,-1.0,-1.0,-1.0,-1.0
42.0,42.0,4.0,29.653879328629404,-1.0,-1.0,-1.0,-1.0
42.0,42.0,4.0,27.729652181386648,-1.0,-1.0,-1.0,-1.0
42.0,42.0,4.0,29.52321423543655,-1.0,-1.0,-1.0,-1.0
42.0,42.0,4.0,28.020870494705548,-1.0,-1.0,-1.0,-1.0
42.0,42.0,4.0,29.670871032321504,-1.0,-1.0,-1.0,-1.0
42.0,42.0,4.0,28.042977394746167,-1.0,-1.0,-1.0,-1.0
42.0,42.0,4.0,29.604901324148056,-1.0,-1.0,-1.0,-1.0
42.0,42.0,4.0,26.52826250577141,-1.0,-1.0,-1.0,-1.0
42.0,42.0,4.0,28.79991210964322,-1.0,-1.0,-1.0,-1.0
42.0,42.0,4.0,28.280083337266458,-1.0,-1.0,-1.0,-1.0
42.0,42.0,4.0,28.618926424531068,-1.0,-1.0,-1.0,-1.0
42.0,42.0,4.0,28.342764469371897,-1.0,-1.0,-1.0,-1.0
42.0,42.0,4.0,28.95958793921275,-1.0,-1.0,-1.0,-1.0
42.0,42.0,4.0,28.137982852772673,-1.0,-1.0,-1.0,-1.0
42.0,42.0,4.0,28.730077402561818,-1.0,-1.0,-1.0,-1.0
42.0,42.0,4.0,28.271124292262066,-1.0,-1.0,-1.0,-1.0
42.0,42.0,4.0,27.082565489988443,-1.0,-1.0,-1.0,-1.0
42.0,42.0,4.0,26.545891824154126,-1.0,-1.0,-1.0,-1.0
42.0,42.0,4.0,25.706535262715967,-1.0,-1.0,-1.0,-1.0
42.0,42.0,4.0,26.94425243791194,-1.0,-1.0,-1.0,-1.0
42.0,42.0,4.0,25.9392814956369,-1.0,-1.0,-1.0,-1.0
42.0,42.0,4.0,26.62779654130374,-1.0,-1.0,-1.0,-1.0
42.0,42.0,4.0,25.498373790981987,-1.0,-1.0,-1.0,-1.0
42.0,42.0,4.0,27.439577118333595,-1.0,-1.0,-1.0,-1.0
42.0,42.0,4.0,25.21858127202107,-1.0,-1.0,-1.0,-1.0
42.0,42.0,4.0,26.047694753577108,-1.0,-1.0,-1.0,-1.0
42.0,42.0,4.0,26.948926682900815,-1.0,-1.0,-1.0,-1.0
42.0,42.0,4.0,25.917642987789808,-1.0,-1.0,-1.0,-1.0
42.0,42.0,4.0,27.003579614225746,-1.0,-1.0,-1.0,-1.0
42.0,42.0,4.0,26.831353433000046,-1.0,-1.0,-1.0,-1.0
1.0860482778108917,-0.08126209960602382,3.0,21.573085488856773,633.7057495117188,259.4559020996094,756.9298095703125,391.7960510253906
42.0,42.0,4.0,25.376806771498238,-1.0,-1.0,-1.0,-1.0
42.0,42.0,4.0,26.84921615445182,-1.0,-1.0,-1.0,-1.0
42.0,42.0,4.0,26.12703771763167,-1.0,-1.0,-1.0,-1.0
42.0,42.0,4.0,25.423568133739856,-1.0,-1.0,-1.0,-1.0
42.0,42.0,4.0,27.080467191363805,-1.0,-1.0,-1.0,-1.0
42.0,42.0,4.0,25.600781273842586,-1.0,-1.0,-1.0,-1.0
42.0,42.0,4.0,26.931104005342167,-1.0,-1.0,-1.0,-1.0
42.0,42.0,4.0,26.73949686978031,-1.0,-1.0,-1.0,-1.0
42.0,42.0,4.0,27.753321687576094,-1.0,-1.0,-1.0,-1.0
42.0,42.0,4.0,26.218332749912488,-1.0,-1.0,-1.0,-1.0
42.0,42.0,4.0,28.107812520941952,-1.0,-1.0,-1.0,-1.0
42.0,42.0,4.0,26.185432365445724,-1.0,-1.0,-1.0,-1.0
42.0,42.0,4.0,27.831219932981654,-1.0,-1.0,-1.0,-1.0
42.0,42.0,4.0,27.858208409992095,-1.0,-1.0,-1.0,-1.0
42.0,42.0,4.0,27.829188672735476,-1.0,-1.0,-1.0,-1.0
42.0,42.0,4.0,27.798018358352387,-1.0,-1.0,-1.0,-1.0
42.0,42.0,4.0,26.188702335832964,-1.0,-1.0,-1.0,-1.0
42.0,42.0,4.0,26.6753839793939,-1.0,-1.0,-1.0,-1.0
42.0,42.0,4.0,26.21505537638441,-1.0,-1.0,-1.0,-1.0
42.0,42.0,4.0,28.057609590003278,-1.0,-1.0,-1.0,-1.0
42.0,42.0,4.0,26.63760494862122,-1.0,-1.0,-1.0,-1.0
42.0,42.0,4.0,28.441936949460565,-1.0,-1.0,-1.0,-1.0
42.0,42.0,4.0,26.65690461663616,-1.0,-1.0,-1.0,-1.0
42.0,42.0,4.0,27.642661780891434,-1.0,-1.0,-1.0,-1.0
42.0,42.0,4.0,26.060156449017377,-1.0,-1.0,-1.0,-1.0
-1.2551287801525508,-0.13915522696271135,3.0,21.65003200297318,595.5946044921875,235.54176330566406,704.6819458007812,350.8356018066406
-0.4546324907451709,-0.29991667984923553,0.0,20.748268629546086,593.382568359375,231.906005859375,706.59375,352.388916015625
-0.5463227302316179,-0.46579646203478303,0.0,20.61194462599944,593.3021240234375,231.4176025390625,706.8135986328125,349.8935852050781
42.0,42.0,4.0,27.928140522832297,-1.0,-1.0,-1.0,-1.0
42.0,42.0,4.0,27.357784401844594,-1.0,-1.0,-1.0,-1.0
-0.03623017610165597,-0.18304891541717933,3.0,22.23290379691815,605.1426391601562,209.33816528320312,722.3267211914062,322.80389404296875
42.0,42.0,4.0,28.134019304682628,-1.0,-1.0,-1.0,-1.0
-0.13413117356627688,-0.3373553984535695,3.0,21.453911193178623,603.42919921875,204.2019805908203,727.8662109375,325.81597900390625
1.1284505960549152,-0.2234440091476102,3.0,21.68517924908747,606.6415405273438,202.3794403076172,719.4277954101562,313.740234375
0.7832588460937877,-0.2331094196918348,3.0,21.017337796396145,608.2886352539062,193.02928161621094,728.4056396484375,316.72027587890625
0.33508691783704,-0.3982578978420465,3.0,20.7978578866465,607.4134521484375,188.68569946289062,729.997802734375,325.5848083496094
0.051732703123116223,-0.40359167687325725,3.0,21.299640969129438,608.7981567382812,183.31060791015625,732.05712890625,325.7041015625
0.9957870905653811,-0.18877551070917672,3.0,21.09757802872161,611.0106201171875,183.18589782714844,731.2487182617188,318.7350769042969
0.6649298051716049,-0.14707626699293402,3.0,21.08675913869296,613.4378051757812,188.35719299316406,732.5775756835938,320.4573059082031
0.15190670857811975,-0.34921312320714726,3.0,20.963972969730897,611.0172119140625,183.9993896484375,733.9017333984375,325.2208251953125
0.7231326581630687,-0.2878152758559155,3.0,21.401475645722567,612.1181640625,184.9935302734375,734.353759765625,322.56915283203125
0.49133617688864295,-0.29365825128754935,3.0,21.00933680625125,613.5182495117188,186.44676208496094,731.1273193359375,318.64764404296875
1.0404272630733984,-0.24222542010317605,3.0,22.287484523701984,616.2674560546875,184.1634521484375,732.8883056640625,308.3356628417969
1.2697563255978654,-0.14923902011418735,3.0,21.350599901246635,619.3229370117188,181.57293701171875,737.2401733398438,303.9780578613281
42.0,42.0,4.0,28.11195710455764,-1.0,-1.0,-1.0,-1.0
1.1627041739955144,-0.02173805239777178,3.0,22.68503404671891,620.937255859375,178.0907745361328,735.1665649414062,296.30841064453125
1.1222821823380738,-0.08684807999246504,3.0,21.5522452482131,622.6195678710938,185.9110565185547,740.2112426757812,308.28179931640625
0.8132883842294121,-0.3218688503986497,3.0,22.267369572257525,623.67041015625,184.42120361328125,746.6464233398438,316.4163818359375
1.2176233493629105,-0.11794181729968517,3.0,22.348643406722225,623.4028930664062,183.38668823242188,744.1796264648438,311.45062255859375
1.2430299061622665,-0.13700845280799848,3.0,21.416556034394723,623.7224731445312,183.4559326171875,747.031005859375,317.8760986328125
1.2811077834282194,-0.06464717019723748,3.0,21.661884251081982,623.93359375,184.24342346191406,743.8898315429688,314.71710205078125
1.1405828927168804,-0.16327094958170588,3.0,20.69605550127799,623.9262084960938,185.02064514160156,745.3828735351562,309.9215087890625
1.2445606911568439,-0.11851226640518014,3.0,20.423555992715446,626.638916015625,184.9712371826172,744.343994140625,314.88995361328125
1.1837255697439457,0.018937738511553462,3.0,20.57544272749571,628.4851684570312,185.8481903076172,745.8795776367188,315.91552734375
1.2078325039313431,-0.21154686960989924,3.0,21.23945573408549,626.8904418945312,184.87921142578125,746.034423828125,319.0721130371094
0.44825555151497615,-0.22922653082249927,3.0,20.255390663105892,624.2556762695312,183.4677734375,745.9620971679688,320.4344787597656
0.46629846790026297,-0.04984771770355814,3.0,21.111276651432483,623.5027465820312,181.913330078125,746.2406616210938,318.46295166015625
42.0,42.0,4.0,27.15779386436332,-1.0,-1.0,-1.0,-1.0
0.9358190944034128,-0.16632160061039164,3.0,19.071259684987815,624.822265625,186.19894409179688,734.169677734375,304.9051208496094
42.0,42.0,4.0,28.682139584501552,-1.0,-1.0,-1.0,-1.0
42.0,42.0,4.0,27.723420428181452,-1.0,-1.0,-1.0,-1.0
42.0,42.0,4.0,29.695238769513963,-1.0,-1.0,-1.0,-1.0
42.0,42.0,4.0,27.950473804160946,-1.0,-1.0,-1.0,-1.0
1.0667661925703908,0.030670294693897544,3.0,22.58341095706017,632.2440185546875,183.82606506347656,746.878662109375,295.7142028808594
0.08978235088151434,0.015224759319764988,3.0,22.37236567685636,641.2410888671875,180.29603576660156,742.7737426757812,288.5216979980469
-1.1671235566664464,-0.09681336247543253,3.0,21.105540180143915,643.61376953125,180.3669891357422,745.8870239257812,286.59161376953125
42.0,42.0,4.0,28.283134520590437,-1.0,-1.0,-1.0,-1.0
42.0,42.0,4.0,25.388480978178627,-1.0,-1.0,-1.0,-1.0
42.0,42.0,4.0,28.480369389556596,-1.0,-1.0,-1.0,-1.0
42.0,42.0,4.0,28.06455584401681,-1.0,-1.0,-1.0,-1.0
42.0,42.0,4.0,29.184669765370593,-1.0,-1.0,-1.0,-1.0
42.0,42.0,4.0,28.22869372673859,-1.0,-1.0,-1.0,-1.0
42.0,42.0,4.0,28.989812139727125,-1.0,-1.0,-1.0,-1.0
42.0,42.0,4.0,28.861942018813263,-1.0,-1.0,-1.0,-1.0
42.0,42.0,4.0,29.167216033156702,-1.0,-1.0,-1.0,-1.0
42.0,42.0,4.0,28.143269321094515,-1.0,-1.0,-1.0,-1.0
42.0,42.0,4.0,28.830992789337294,-1.0,-1.0,-1.0,-1.0
42.0,42.0,4.0,28.190368652753975,-1.0,-1.0,-1.0,-1.0
42.0,42.0,4.0,29.21841866945315,-1.0,-1.0,-1.0,-1.0
42.0,42.0,4.0,29.323415084314437,-1.0,-1.0,-1.0,-1.0
42.0,42.0,4.0,29.74430544918163,-1.0,-1.0,-1.0,-1.0
42.0,42.0,4.0,28.020870494705548,-1.0,-1.0,-1.0,-1.0
42.0,42.0,4.0,27.91847384746462,-1.0,-1.0,-1.0,-1.0
42.0,42.0,4.0,28.04785309714393,-1.0,-1.0,-1.0,-1.0
42.0,42.0,4.0,28.51696684140032,-1.0,-1.0,-1.0,-1.0
42.0,42.0,4.0,29.0546761892227,-1.0,-1.0,-1.0,-1.0
42.0,42.0,4.0,28.8464591027572,-1.0,-1.0,-1.0,-1.0
42.0,42.0,4.0,28.5653263593767,-1.0,-1.0,-1.0,-1.0
42.0,42.0,4.0,28.66547748412715,-1.0,-1.0,-1.0,-1.0
42.0,42.0,4.0,28.515221972941735,-1.0,-1.0,-1.0,-1.0
42.0,42.0,4.0,28.40226172337904,-1.0,-1.0,-1.0,-1.0
42.0,42.0,4.0,28.787459076589407,-1.0,-1.0,-1.0,-1.0
42.0,42.0,4.0,28.317696940236033,-1.0,-1.0,-1.0,-1.0
-1.4844758190143763,-0.02909982859907782,3.0,21.976966203824993,670.0641479492188,170.03076171875,775.6142578125,284.11798095703125
-1.4140993903640513,-0.053580936919631214,3.0,20.8789219810142,667.016357421875,163.76637268066406,774.33349609375,281.83709716796875
-1.52012409441785,-0.05880605897836668,3.0,20.81726407321746,667.48095703125,161.78041076660156,774.5841064453125,281.545166015625
-1.509569454385648,-0.0498293418920366,3.0,21.54648803316501,668.4205932617188,165.2107391357422,772.5335693359375,280.5542297363281
-1.6525138269473238,-0.043944821147397506,3.0,21.022183462143765,668.3579711914062,164.43771362304688,772.2161865234375,283.01641845703125
-1.7132858314423873,-0.05092816215780328,3.0,21.77467903625216,667.2548828125,160.15933227539062,775.384033203125,280.9908142089844
-2.066496093129634,-0.017159545851707557,3.0,21.377260402438278,668.1893310546875,164.17796325683594,775.1732788085938,281.75927734375
-2.029309709038585,-0.054511179088395895,3.0,20.575745534641175,670.3604736328125,165.78826904296875,774.91552734375,279.5236511230469
-1.7134892969496693,-0.045899048755297656,3.0,21.318153170553195,671.3089599609375,166.24571228027344,776.8173828125,276.97662353515625
-1.6441709422004325,-0.024389229262945664,3.0,20.659458873712573,671.2625732421875,162.10816955566406,777.9024658203125,275.2106018066406
-1.5387703499480943,-0.029737921996260807,3.0,19.51419957568765,672.5809326171875,162.5699005126953,777.6010131835938,274.9402160644531
-1.6384179816136437,-0.02445980303183276,3.0,21.29953280520008,672.7578125,160.47335815429688,778.4373168945312,277.9352111816406
-1.6190890247379575,-0.07908949278873718,3.0,21.087501256913022,673.103759765625,158.12493896484375,777.879638671875,281.3233337402344
-1.59374864749169,-0.07101611994416197,3.0,20.54299316262759,671.660400390625,157.089111328125,778.6939697265625,281.74713134765625
-1.642131227121541,-0.10058466489509374,3.0,20.911921025078527,672.299560546875,155.90606689453125,778.762939453125,279.38153076171875
-1.594135737956133,-0.10366807280518749,3.0,21.146613963618762,672.14404296875,157.50311279296875,779.3584594726562,274.9197998046875
-1.6788556859215156,-0.10412347335159103,3.0,20.785695878843143,665.9678955078125,151.1560821533203,775.8814697265625,276.19427490234375
-1.4785444266345518,-0.00803236016378799,3.0,21.757622915953394,663.9746704101562,146.3465118408203,774.0481567382812,280.9756164550781
-1.2648092375569344,-0.017077254174024108,3.0,22.317606431942618,665.8690185546875,147.82681274414062,772.3517456054688,270.6934509277344
-1.2324386476650757,-0.05218623945675672,3.0,21.392634000295825,663.9923706054688,146.51084899902344,769.6203002929688,266.4231872558594
-1.2654400072611196,-0.04010054811386813,3.0,22.50452848006181,655.0701904296875,137.4241485595703,765.68408203125,266.7394104003906
-1.2141062456692973,-0.06618168361734114,3.0,22.42643496858709,651.9423217773438,142.1443634033203,759.01123046875,263.673828125
-1.2472369017362646,-0.036624856575205714,3.0,20.582914572864322,645.0338134765625,136.91871643066406,754.65966796875,266.97100830078125
-1.055692901915896,-0.023722373725989822,3.0,22.252130086476736,639.500732421875,139.14820861816406,751.2611694335938,267.233154296875
-1.152892689065499,0.09749513171449282,3.0,22.377617602023122,645.5219116210938,148.25746154785156,750.414306640625,265.0009765625
-1.108871701510925,-0.03179681183500106,3.0,21.60442152868276,644.08740234375,147.64715576171875,750.0836181640625,265.77337646484375
-0.9965755194060991,-0.042254779119633226,3.0,22.075284210526316,637.43212890625,151.5596160888672,744.3284301757812,266.9604187011719
-0.9413303731212773,-0.03413213779489155,3.0,22.356863016838393,632.4535522460938,152.12850952148438,742.58544921875,271.38531494140625
-1.066417984257863,-0.19166131206638656,3.0,21.37606197283592,628.1060180664062,149.9934539794922,739.7490844726562,272.2999267578125
-0.9498697991566164,-0.009385512313657252,3.0,22.559603272357613,626.9559936523438,151.6554412841797,734.9208374023438,271.7701110839844
-1.1245557229606744,0.0720787212191036,3.0,21.714143715054878,622.6893310546875,155.2391357421875,731.9229736328125,276.8464660644531
-1.0880291370296926,0.02235617208677917,3.0,21.91244018138884,614.0567016601562,162.2454376220703,727.2589721679688,282.335205078125
-1.4071290988429868,0.11105328482408622,3.0,22.694116946850702,614.052734375,168.0264434814453,720.3168334960938,286.12506103515625
-1.1773407741885353,-0.01404311474409683,3.0,21.593521383450284,615.9275512695312,195.6561279296875,715.3175659179688,302.5666198730469
42.0,42.0,4.0,29.264287458573172,-1.0,-1.0,-1.0,-1.0
42.0,42.0,4.0,29.280631086599882,-1.0,-1.0,-1.0,-1.0
42.0,42.0,4.0,29.77682488747533,-1.0,-1.0,-1.0,-1.0
42.0,42.0,4.0,29.134597083972967,-1.0,-1.0,-1.0,-1.0
42.0,42.0,4.0,28.11987288646938,-1.0,-1.0,-1.0,-1.0
42.0,42.0,4.0,29.456864342500772,-1.0,-1.0,-1.0,-1.0
42.0,42.0,4.0,28.626739559232036,-1.0,-1.0,-1.0,-1.0
42.0,42.0,4.0,29.85737268469084,-1.0,-1.0,-1.0,-1.0
42.0,42.0,4.0,28.724961648038573,-1.0,-1.0,-1.0,-1.0
42.0,42.0,4.0,28.562408493193598,-1.0,-1.0,-1.0,-1.0
42.0,42.0,4.0,27.883395491380973,-1.0,-1.0,-1.0,-1.0
42.0,42.0,4.0,28.44521607031441,-1.0,-1.0,-1.0,-1.0
42.0,42.0,4.0,27.405691136593813,-1.0,-1.0,-1.0,-1.0
42.0,42.0,4.0,28.911479658656962,-1.0,-1.0,-1.0,-1.0
42.0,42.0,4.0,27.829742623396786,-1.0,-1.0,-1.0,-1.0
42.0,42.0,4.0,29.559625915302377,-1.0,-1.0,-1.0,-1.0
42.0,42.0,4.0,28.354452286309186,-1.0,-1.0,-1.0,-1.0
42.0,42.0,4.0,29.900581001603992,-1.0,-1.0,-1.0,-1.0
42.0,42.0,4.0,27.578501637231568,-1.0,-1.0,-1.0,-1.0
42.0,42.0,4.0,28.63279767349781,-1.0,-1.0,-1.0,-1.0
42.0,42.0,4.0,26.422643458759346,-1.0,-1.0,-1.0,-1.0
42.0,42.0,4.0,27.976761094176265,-1.0,-1.0,-1.0,-1.0
42.0,42.0,4.0,26.716843640718256,-1.0,-1.0,-1.0,-1.0
42.0,42.0,4.0,28.150824865430824,-1.0,-1.0,-1.0,-1.0
42.0,42.0,4.0,26.524571710438945,-1.0,-1.0,-1.0,-1.0
42.0,42.0,4.0,28.522978578714724,-1.0,-1.0,-1.0,-1.0
42.0,42.0,4.0,27.11951377214535,-1.0,-1.0,-1.0,-1.0
42.0,42.0,4.0,28.537921931239072,-1.0,-1.0,-1.0,-1.0
42.0,42.0,4.0,27.9797471732097,-1.0,-1.0,-1.0,-1.0
42.0,42.0,4.0,28.861942018813263,-1.0,-1.0,-1.0,-1.0
42.0,42.0,4.0,28.334914136705713,-1.0,-1.0,-1.0,-1.0
42.0,42.0,4.0,27.521499202761138,-1.0,-1.0,-1.0,-1.0
42.0,42.0,4.0,28.072257062732998,-1.0,-1.0,-1.0,-1.0
42.0,42.0,4.0,28.059111191388872,-1.0,-1.0,-1.0,-1.0
42.0,42.0,4.0,28.946197377501726,-1.0,-1.0,-1.0,-1.0
-0.5930992905660967,-0.05260941575397031,3.0,21.40333222769372,520.359375,78.12555694580078,620.4879760742188,207.27438354492188
-1.037057565346121,-0.15702796735434213,3.0,21.74972516645579,504.6880798339844,77.01343536376953,607.6544799804688,203.0836639404297
0.9374223173796405,-0.14574841487342052,3.0,21.018917659321772,487.8016357421875,71.2544174194336,589.2262573242188,190.8592987060547
0.49077984253692536,-0.016883908678884355,3.0,20.654677250970117,477.72528076171875,60.756797790527344,576.213134765625,184.23220825195312
0.8886313419966259,-0.7180548089126146,3.0,21.508258593193133,462.349853515625,53.58908462524414,566.5243530273438,180.24261474609375
0.8497912680266921,-0.5574957562689364,3.0,20.910982705068825,455.69244384765625,52.48005294799805,558.1029663085938,174.84652709960938
0.4872503551442433,-0.31787730455683894,3.0,20.622281660086436,450.82415771484375,52.30287551879883,554.6385498046875,172.88711547851562
0.6114711073460083,-0.3645721058458523,3.0,21.366370527345342,449.09503173828125,50.810489654541016,549.91064453125,168.50640869140625
0.25892663593128096,-0.11690478237120831,3.0,21.468845813264267,451.6557312011719,50.92259216308594,549.34521484375,167.6741180419922
-0.1343349053896679,-0.1559121028575989,3.0,19.588567158602654,453.67462158203125,48.40323257446289,549.9150390625,168.5748748779297
-0.9797933434808558,-0.1207024500856613,3.0,20.976449465624423,462.3447570800781,48.62065887451172,562.0348510742188,170.243408203125
-1.3315701587113677,-0.11747416621226726,3.0,21.406390829705465,475.0465393066406,51.35927963256836,570.5800170898438,165.08175659179688
-1.6119135366549022,-0.26014583107831923,3.0,20.623904096454265,481.7933654785156,47.76698303222656,580.3721923828125,166.68826293945312
-1.5554005925331487,-0.2565231330474844,3.0,21.174904962161563,491.30596923828125,48.533721923828125,591.5797119140625,164.26002502441406
-1.6895621261358522,-0.23050804393904542,3.0,21.761009421823765,500.93072509765625,48.535675048828125,595.1864624023438,163.03851318359375
-1.0820450140602846,-0.2115322222239038,3.0,20.999764683499308,508.8350524902344,45.6962776184082,608.7451171875,166.55055236816406
0.4944416890357843,-0.28903793311237086,3.0,21.630492968278606,517.4358520507812,50.709327697753906,613.5936889648438,169.5260772705078
-1.1208250337476369,-0.1567486017559928,3.0,22.20206971389249,522.3729858398438,53.885780334472656,624.6609497070312,174.02699279785156
-1.0354878981996283,-0.0551902851663661,3.0,21.798557262540797,529.847412109375,52.478858947753906,639.1347045898438,178.155029296875
-1.3660276016334125,-0.21117109758008906,3.0,22.420560847579033,542.8404541015625,58.2949333190918,646.48779296875,183.29588317871094
-1.6453744246970394,-0.04822771681246294,3.0,22.317250186229646,546.9913330078125,58.440513610839844,657.2357177734375,186.19691467285156
-1.4678427801101772,-0.05204083086123839,3.0,21.49547213324792,556.670654296875,65.659423828125,667.18408203125,191.27931213378906
-1.2672356436261056,-0.0394443452212726,3.0,22.164174214481235,568.59912109375,69.01010131835938,679.385498046875,194.36831665039062
-1.24474564769455,-0.06577848102830314,3.0,22.303721271549662,572.8270263671875,65.29678344726562,695.3114013671875,194.58103942871094
-1.2623018713906249,-0.09960755109114366,3.0,21.48578219688238,582.4183959960938,72.9265365600586,698.8477172851562,199.9497528076172
-1.3297388359877749,-0.06436993512776022,3.0,21.80909842501261,590.8893432617188,74.5767593383789,713.59423828125,208.14772033691406
-1.3363583891932758,-0.16755357893066228,3.0,21.287317352930728,595.3118896484375,78.69853973388672,715.4570922851562,211.11065673828125
-1.2864837735627077,-0.18891585929862387,3.0,21.597413029597742,603.4033203125,82.58647155761719,722.267578125,209.9150848388672
-1.3003822786596133,-0.13396712284312798,3.0,22.105999915672303,603.6322021484375,83.40148162841797,723.9150390625,213.6441650390625
-1.2999266117971007,-0.0876270546113132,3.0,21.768124516688204,600.63330078125,84.78305053710938,725.9405517578125,216.86691284179688
-1.4143161716767838,-0.15563832989753879,3.0,21.808077866977246,607.057861328125,86.20708465576172,730.1739501953125,222.08090209960938
-1.216833189467484,-0.12734490647653696,3.0,21.962236487972437,610.4124755859375,89.0677261352539,730.97265625,224.28224182128906
-1.3753646444152303,-0.09843709179205384,3.0,20.833912011166248,615.5369873046875,92.34541320800781,734.3121337890625,225.34417724609375
-1.4535396076856342,-0.12852202367835197,3.0,21.351360706977122,618.1515502929688,88.64454650878906,739.4495849609375,225.97789001464844
-1.4348688510733612,-0.11404055261882809,3.0,22.487515883270692,628.5261840820312,96.02953338623047,743.5906982421875,218.8428955078125
-1.3529627991157562,-0.055694155244609085,3.0,21.117866817042103,626.3311767578125,95.13447570800781,744.565673828125,229.912109375
-1.190746461325722,-0.38006477917127923,3.0,21.899626156513023,632.1984252929688,96.47216796875,753.3051147460938,230.0767059326172
-1.100987013629582,-0.3484362791171712,3.0,22.70001244784084,629.2781982421875,95.75982666015625,758.9783935546875,234.36190795898438
-1.2666051402380294,-0.08546776359947696,3.0,21.680247283704293,635.369384765625,102.15482330322266,761.7587280273438,241.0595245361328
-1.0480684048730535,0.0641640727754971,3.0,22.53524032623763,635.96826171875,105.26801300048828,758.935791015625,240.70094299316406
-1.2436148694957023,0.048623462550448714,3.0,22.42907333037438,637.1098022460938,103.20539093017578,761.4654541015625,240.18360900878906
-1.318811486561016,-0.0850089009436563,3.0,21.48864422323208,644.78564453125,105.89840698242188,765.7708129882812,242.75291442871094
-1.3702692183015817,-0.07616693980848423,3.0,22.292578183132427,647.3629760742188,107.07223510742188,768.9761352539062,242.7614288330078
-1.3379236621239698,-0.009751696963543147,3.0,21.52691439129542,651.7156372070312,114.92948913574219,769.5615844726562,239.93995666503906
-1.292354845343842,-0.0007909588437535338,3.0,20.910982705068825,653.2135009765625,115.11186218261719,769.9508666992188,237.55349731445312
-1.278335965365665,0.023162577264855166,3.0,21.674085480862146,649.3031005859375,108.19022369384766,767.8082275390625,238.63388061523438
-0.9736644777062019,0.0004980111238448176,3.0,21.687982501951982,645.4459838867188,111.37156677246094,761.4197998046875,236.04852294921875
-1.2826534821249012,0.027872643968769307,3.0,21.131591807945185,638.3800659179688,112.78800964355469,762.0286865234375,241.3677215576172
-1.2530172928822816,0.03833247546616452,3.0,21.963271525745018,636.785888671875,106.92802429199219,757.2877807617188,234.84059143066406
-1.3669249537627148,0.01849698535114535,3.0,22.35173994138023,632.9686279296875,94.36793518066406,749.2098388671875,232.42929077148438
-1.5231300043402223,-0.026677150955432733,3.0,21.402567713755026,631.685546875,105.71855926513672,748.63037109375,230.9735870361328
-1.3366477416457128,-0.02839142774911674,3.0,22.391834032693765,624.795166015625,100.37210845947266,734.8377075195312,217.09031677246094
-1.4066750298771284,-0.08594393680238312,3.0,21.899626156513023,614.7211303710938,89.37896728515625,730.1544189453125,223.77603149414062
-1.3772313871813213,-0.07532617985234621,3.0,21.62670090388314,610.0012817382812,87.55355072021484,724.97265625,224.42550659179688
-1.379661122201855,-0.17567568762318594,3.0,22.508755453711206,605.859619140625,77.67721557617188,721.916748046875,214.1856689453125
-1.354500242013059,-0.08071881474364766,3.0,21.022499561436483,601.0230102539062,81.82417297363281,717.6997680664062,214.8233642578125
-1.4450835385924146,-0.05416683235944865,3.0,21.85717263517739,599.609619140625,81.06079864501953,710.538330078125,210.8191680908203
-1.2268634530810494,-0.16367894586070603,3.0,21.788026285031556,592.5809936523438,85.10204315185547,705.404296875,210.34251403808594
-1.3876066633141064,-0.2361472875472882,3.0,21.597301820241498,585.7483520507812,84.33661651611328,701.44775390625,213.11737060546875
-1.244628069132423,-0.26002838567424674,3.0,20.63303505984327,580.3165893554688,81.9849853515625,693.28759765625,206.29847717285156
-1.2636278592973753,-0.2514700511951681,3.0,20.29243370602778,574.9942016601562,82.7774658203125,685.572021484375,208.77423095703125
-1.1913553931089684,-0.05118276035801486,3.0,21.38172846051498,573.3167114257812,84.72117614746094,678.9000854492188,206.35708618164062
-1.223301341965014,-0.08185465294856645,3.0,21.66938246219499,564.6278686523438,82.56704711914062,674.9915771484375,207.92713928222656
-1.1873898130877858,-0.12628976205264755,3.0,22.39123634014702,564.7291870117188,82.51042938232422,668.4231567382812,204.66944885253906
-1.1943297445724235,-0.2806460462014222,3.0,21.62458238812126,560.610107421875,84.30543518066406,660.59423828125,201.70407104492188
-1.3305522985427396,-0.2789373620460273,3.0,20.047529371277808,550.90087890625,83.85230255126953,655.2760620117188,204.0742950439453
-1.2170899181965675,-0.1580152011704345,3.0,19.191156419008575,544.0957641601562,82.71380615234375,646.3775634765625,200.15850830078125
-1.2168563589689676,-0.41171724767519796,3.0,20.61640246749736,535.0650634765625,81.42142486572266,636.6229248046875,199.3980712890625
0.539330334473506,-0.37562022962804603,3.0,20.586147322129733,524.0185546875,81.48643493652344,629.2979125976562,199.38584899902344
0.4419816766189675,-0.3572271075594137,3.0,20.927363263513985,515.4422607421875,79.23707580566406,621.1680908203125,198.2490692138672
0.3958591886482121,-0.25579103006382164,3.0,20.597166498882807,510.125244140625,76.1956558227539,615.2623901367188,195.05067443847656
0.7870088432247283,-0.2880874509193216,3.0,20.14235976046064,507.652099609375,77.62864685058594,613.4266967773438,193.42466735839844
0.7780513008982467,-0.41573222933460147,3.0,21.112870669129823,503.1885070800781,77.66189575195312,603.9016723632812,193.17813110351562
0.797190907020428,-0.30348238623274265,3.0,22.294355588865326,500.8672790527344,77.99271392822266,599.6027221679688,191.7416229248047
0.8276657256903138,-0.34862083618071366,3.0,20.478500109855236,501.5272521972656,78.57646179199219,597.0001220703125,191.36485290527344
0.5228072841223274,-0.42658514340889236,3.0,21.956143243766718,501.6396179199219,77.68643188476562,596.0406494140625,190.0224609375
0.5405974665201656,-0.4302741541508701,3.0,21.07870521602348,502.2932434082031,75.5028076171875,596.6400146484375,189.99154663085938
0.4302464572755333,-0.4949926970653217,3.0,21.440750831957388,502.4749755859375,74.89319610595703,596.6082763671875,188.6579132080078
0.5824929852087471,-0.2993132075462236,3.0,21.991023866448554,502.14697265625,73.32838439941406,599.9363403320312,189.7907257080078
0.7325602484219492,-0.3337289719972086,3.0,22.132946360254348,503.3923034667969,72.50408935546875,602.6173095703125,188.1190185546875
0.7029869097810553,-0.21850224742885918,3.0,20.945233731666757,504.8515930175781,72.73651885986328,605.1107177734375,188.02870178222656
0.5813289174962735,-0.20252035141118468,3.0,21.960281682766563,505.7980041503906,72.85890197753906,606.7543334960938,187.25607299804688
0.6146445301009468,-0.25719052121665825,3.0,20.91463220041487,509.191162109375,74.00797271728516,609.2734375,186.8359832763672
0.5946252818707122,-0.22954451225665473,3.0,21.129994962216625,511.4353942871094,73.85985565185547,612.0907592773438,187.95404052734375
0.6180142278282241,-0.2685619527551876,3.0,22.20336255452505,514.6146850585938,74.37303924560547,615.4632568359375,188.16859436035156
0.6970648384650461,-0.3816435010654782,3.0,21.209919495125206,517.4072875976562,72.06632995605469,616.5189208984375,189.1217803955078
0.7066841763224123,-0.4288541566576399,3.0,20.896813890342028,516.8792724609375,72.11943817138672,618.139892578125,190.06378173828125
0.8295778753529908,-0.4636259857463685,3.0,22.097730852919018,518.9171752929688,70.95555877685547,619.8464965820312,189.0023956298828
0.6772887368423356,-0.2899631152750644,3.0,21.849999218583136,520.683349609375,68.3391342163086,626.15869140625,191.0063934326172
0.6470112584092248,-0.30719030541846,3.0,21.379112785250808,522.536376953125,67.35616302490234,627.9608764648438,189.70172119140625
0.39861129931870004,-0.30439664943496686,3.0,22.295896236444822,525.6669311523438,67.3003158569336,628.7057495117188,190.0009002685547
0.25254703353999614,-0.1119225406038881,3.0,21.7270791784299,528.8262329101562,64.38560485839844,634.1473388671875,191.50946044921875
0.3134727024299569,-0.16375431331955526,3.0,20.391285958063307,530.7879028320312,65.41409301757812,635.305908203125,189.74180603027344
0.7476089727936599,-0.19156463931881668,3.0,21.7829343027785,532.2146606445312,63.757354736328125,636.4766235351562,189.12127685546875
0.6686579643816069,-0.04159058674376746,3.0,22.1848071003163,533.0733642578125,61.714019775390625,638.0029907226562,188.14370727539062
0.5103516797040267,-0.08068472628169465,3.0,21.448754794170288,532.7823486328125,61.23847579956055,636.8318481445312,186.92401123046875
0.3677873402299049,-0.03577131344583532,3.0,22.322832676044346,533.0248413085938,60.9464111328125,637.1279296875,185.82443237304688
0.17388657600287072,-0.07544948421081688,3.0,21.80875822838781,532.7277221679688,61.39914321899414,636.4514770507812,185.61927795410156
0.14298884735188042,-0.07793501245618784,3.0,21.645004309076928,533.2366943359375,61.78532409667969,636.7631225585938,185.5509490966797
0.1100676489046479,-0.20817344345709587,3.0,22.427993925523495,535.3076171875,61.4279899597168,636.3789672851562,186.2048797607422
0.12768153003832294,-0.12297252859884485,3.0,21.30310279500424,535.8728637695312,63.35152816772461,635.6270141601562,187.16586303710938
0.06545677116862157,-0.0835566792012361,3.0,21.59496668829096,535.845947265625,63.523582458496094,636.5021362304688,188.87413024902344
0.07080439863750067,-0.10179374002998973,3.0,21.159308866187413,536.316650390625,64.36275482177734,636.7086791992188,189.6984100341797
0.11021545434514728,-0.09712628390351684,3.0,21.504068250216616,536.2237548828125,65.26065063476562,637.3419189453125,190.2779083251953
0.2079454768677851,-0.06341013187089567,3.0,20.880585052098112,536.665283203125,67.69598388671875,636.6781616210938,190.77615356445312
0.19550265562271688,-0.08414603675047064,3.0,22.241274352801433,535.916015625,70.25188446044922,636.9536743164062,189.54673767089844
0.15852839231249277,-0.0705263646196964,3.0,20.862098294445634,534.715576171875,70.24938201904297,637.0496215820312,190.05613708496094
0.14861584041910883,-0.021611552245993017,3.0,20.853489250840244,532.8155517578125,69.87721252441406,636.610107421875,191.2738494873047
0.11887179315234084,-0.0022495721727899326,3.0,21.724603376030082,533.7017211914062,69.08399963378906,635.54296875,192.30340576171875
0.06420375387573928,-0.07932278570022812,3.0,20.60850125047292,533.5733032226562,68.09933471679688,635.8704223632812,191.9661102294922
0.1800730992151248,-0.056063535687803076,3.0,20.804253799452404,533.8377685546875,68.21207427978516,635.6765747070312,191.7385711669922
0.1722892119810412,-0.0838259247874431,3.0,21.149279695843564,531.1241455078125,66.29328155517578,634.9832153320312,191.4010772705078
0.3651811707871534,-0.09573824434336754,3.0,19.696469074464538,529.9552001953125,66.69738006591797,631.7504272460938,189.8610382080078
0.4050534859956017,-0.2766276024326016,3.0,20.064600076540376,528.1778564453125,68.18928527832031,628.83935546875,189.5295867919922
0.7476811444592012,-0.5008785493905059,3.0,21.133721311062406,526.2442016601562,69.10053253173828,627.4915161132812,188.47964477539062
0.8381633740751882,-0.531601308357878,3.0,21.80342986655854,521.7504272460938,66.61471557617188,626.5950317382812,187.16969299316406
0.7736112787288666,-0.4526801273500338,3.0,21.578412861736336,521.2199096679688,67.97742462158203,623.7869873046875,187.45826721191406
0.7939836621196457,-0.5074629488696177,3.0,22.318793999797794,520.3832397460938,68.5185775756836,620.6218872070312,186.8326873779297
0.8866920280908301,-0.6179708183024557,3.0,21.46840626295612,516.6578979492188,69.51016998291016,615.538330078125,184.8326416015625
0.864945187261461,-0.6012775919576211,3.0,21.663450612565338,516.0949096679688,67.18248748779297,612.2933349609375,181.81829833984375
0.877413841169103,-0.6298530441380623,3.0,22.341143822008213,513.3087768554688,67.09097290039062,609.7695922851562,180.13888549804688
0.9095302323349136,-0.575768237140188,3.0,21.326608023592822,510.7180480957031,65.16831970214844,609.3259887695312,179.6461944580078
0.9022038761761055,-0.518832782511493,3.0,21.625028356946938,509.4350891113281,62.84928512573242,607.1273803710938,178.26658630371094
0.3001355916908401,-0.1699336459968661,3.0,22.51528018594964,507.9727478027344,61.22214126586914,605.6947631835938,176.99407958984375
0.6156642544823381,-0.30532875581649455,3.0,21.364085063033237,506.5731201171875,61.2483024597168,601.65576171875,174.97964477539062
0.571229411694366,-0.17729329166930008,3.0,22.657951316486056,505.3785705566406,60.6254768371582,597.4832763671875,172.34295654296875
0.4467074559733131,-0.12595793218082368,3.0,21.944311320853434,502.9495544433594,59.57602310180664,597.9159545898438,172.22889709472656
0.6628544037341062,-0.1355945805852754,3.0,20.176951644249456,502.2960205078125,58.881290435791016,596.4586791992188,171.29144287109375
0.7602256984579103,-0.14566638951184607,3.0,21.962581489723785,501.14251708984375,57.05543899536133,596.9873046875,170.09959411621094
0.7478201614681033,-0.26599732862544134,3.0,22.146385764823908,499.18499755859375,57.85650634765625,596.215576171875,168.77069091796875
0.5559479270433824,-0.2974844148256662,3.0,21.66826299665752,496.3287048339844,57.927162170410156,596.5430297851562,167.6631622314453
0.6592673920618785,-0.3203252822308398,3.0,22.134815213548016,495.4894104003906,56.091590881347656,595.5870361328125,167.14508056640625
0.712590268671881,-0.21497595582948525,3.0,22.095519054291824,496.4575500488281,56.33632278442383,592.3046875,165.88064575195312
0.7453050721346324,-0.32990414003963675,3.0,21.549919848740185,495.3612365722656,55.501956939697266,594.103271484375,166.55311584472656
0.6500214293893414,-0.18544070039217947,3.0,22.52495341206292,495.72491455078125,54.969886779785156,590.9883422851562,165.53799438476562
0.6056672803823987,-0.28388764588026666,3.0,21.335720753258116,495.2859802246094,53.167686462402344,593.9143676757812,166.31094360351562
0.6388606538930373,-0.30728458132104874,3.0,21.227309074345868,494.8340148925781,52.112361907958984,591.0675048828125,165.7026824951172
0.45431930300097756,-0.14591033506769735,3.0,22.386336464560205,493.7731628417969,50.865440368652344,590.196044921875,165.346435546875
0.6676704642494055,-0.32169627756001257,3.0,21.852275983515597,493.6626281738281,51.14812469482422,588.2123413085938,164.766357421875
0.5581927055262101,-0.18342628534364355,3.0,21.869937012472366,492.5231018066406,50.626014709472656,587.3594970703125,163.8260040283203
0.5806359629806349,-0.24287070403530223,3.0,21.736199498352025,491.44415283203125,50.74148941040039,585.9013671875,162.52061462402344
0.5109511572654035,-0.2453663522928155,3.0,21.446999989773275,490.2991943359375,51.306480407714844,583.5305786132812,161.95669555664062
0.4739694371041272,-0.29101959127949883,3.0,22.104135924786036,489.93267822265625,53.12812042236328,581.6681518554688,161.15982055664062
0.4973770251892697,-0.23054346398154343,3.0,22.429433155080215,488.3480224609375,52.13308334350586,581.048583984375,161.81690979003906
0.7117327308008755,-0.36855406430773874,3.0,21.436805871439596,485.9249267578125,52.8562126159668,580.0227661132812,163.0738067626953
0.7655389711487274,-0.44012305649420114,3.0,22.26890649223777,481.5875549316406,55.05329895019531,577.0867309570312,164.62960815429688
0.8455528471518311,-0.26361193523705734,3.0,22.380244489384296,476.85284423828125,53.08848571777344,575.654296875,167.9226531982422
0.9317654969082033,-0.16983031534657103,3.0,21.488093774335013,474.9726257324219,57.47095489501953,573.9085693359375,175.05191040039062
42.0,42.0,4.0,28.145346691450314,-1.0,-1.0,-1.0,-1.0
42.0,42.0,4.0,28.178058448102117,-1.0,-1.0,-1.0,-1.0
42.0,42.0,4.0,28.294391451584612,-1.0,-1.0,-1.0,-1.0
42.0,42.0,4.0,26.72109883669075,-1.0,-1.0,-1.0,-1.0
42.0,42.0,4.0,27.706938123014115,-1.0,-1.0,-1.0,-1.0
42.0,42.0,4.0,28.625371952717643,-1.0,-1.0,-1.0,-1.0
42.0,42.0,4.0,29.116798911496623,-1.0,-1.0,-1.0,-1.0
42.0,42.0,4.0,29.446730835386873,-1.0,-1.0,-1.0,-1.0
42.0,42.0,4.0,29.306818896427398,-1.0,-1.0,-1.0,-1.0
42.0,42.0,4.0,28.783507984545597,-1.0,-1.0,-1.0,-1.0
42.0,42.0,4.0,27.67129360848683,-1.0,-1.0,-1.0,-1.0
42.0,42.0,4.0,28.359820414345215,-1.0,-1.0,-1.0,-1.0
42.0,42.0,4.0,27.89656273278706,-1.0,-1.0,-1.0,-1.0
42.0,42.0,4.0,29.663526549548784,-1.0,-1.0,-1.0,-1.0
42.0,42.0,4.0,28.78489074338421,-1.0,-1.0,-1.0,-1.0
42.0,42.0,4.0,29.6576535807218,-1.0,-1.0,-1.0,-1.0
42.0,42.0,4.0,28.62713032795277,-1.0,-1.0,-1.0,-1.0
42.0,42.0,4.0,29.657443874845324,-1.0,-1.0,-1.0,-1.0
42.0,42.0,4.0,28.177111954586678,-1.0,-1.0,-1.0,-1.0
42.0,42.0,4.0,28.750558655388453,-1.0,-1.0,-1.0,-1.0
42.0,42.0,4.0,27.083439877055003,-1.0,-1.0,-1.0,-1.0
42.0,42.0,4.0,27.870796260241477,-1.0,-1.0,-1.0,-1.0
42.0,42.0,4.0,27.320540378577665,-1.0,-1.0,-1.0,-1.0
42.0,42.0,4.0,28.672728018484843,-1.0,-1.0,-1.0,-1.0
42.0,42.0,4.0,26.93802263297838,-1.0,-1.0,-1.0,-1.0
42.0,42.0,4.0,28.919453369554724,-1.0,-1.0,-1.0,-1.0
-2.5403611343190304,-0.22047857927380698,3.0,21.114464927559577,430.75677490234375,64.43682098388672,522.972412109375,173.9862518310547
-2.370251719690219,-0.26003744042195304,3.0,20.841987050481258,438.3317565917969,58.88767623901367,527.9983520507812,172.33560180664062
-1.3763277766234574,-0.12958595653383861,3.0,20.75812645999129,445.7889404296875,53.95729446411133,536.4597778320312,161.52899169921875
0.11947366755869876,-0.13013057297675984,3.0,19.57997143043872,450.9623718261719,43.11848449707031,541.3206176757812,153.25181579589844
0.4176023010520551,-0.2934920700355284,3.0,20.085738913897135,448.7887878417969,27.014387130737305,546.0353393554688,152.05613708496094
-0.08874851174634557,-0.29033808835654756,3.0,20.086797025032446,453.0485534667969,22.07956314086914,553.1013793945312,150.21484375
-0.062495069720344444,-0.34786662896000325,3.0,19.61174000663964,462.2982177734375,18.851898193359375,560.5257568359375,144.61700439453125
0.2015331175950923,-0.45984163383736587,3.0,19.398316529460736,469.65582275390625,17.63120460510254,569.009521484375,142.5128173828125
0.37160444902031553,-0.38665636918533436,3.0,20.173263945669845,473.73797607421875,16.99106216430664,572.3123168945312,140.87652587890625
0.4548977415897427,-0.4361778496553578,3.0,21.073833461455365,475.3199462890625,14.342588424682617,574.4306030273438,142.08209228515625
0.4714381024880069,-0.5621727997753335,3.0,20.369301598247805,476.3591003417969,15.58082389831543,575.1388549804688,143.69317626953125
0.4701925420461768,-0.5823371902849774,3.0,19.934052250616656,476.4328308105469,17.212461471557617,575.0231323242188,145.7001495361328
0.47224184450499285,-0.5536616032475493,3.0,20.9478489307083,477.4778747558594,20.139663696289062,575.090576171875,146.369140625
0.4839981028210386,-0.6697312183009088,3.0,20.563741015659474,477.7769470214844,22.031492233276367,574.287353515625,146.375
0.5691987513631805,-0.6545512000874572,3.0,21.098639301793305,476.1350402832031,23.104251861572266,573.662841796875,148.06488037109375
0.7108067496898549,-0.7759386152054868,3.0,21.250001266598776,472.90472412109375,23.6337890625,571.832275390625,150.2498016357422
0.727882672283334,-0.7060191849982195,3.0,20.477500305138534,470.8799133300781,24.56420135498047,569.046875,153.15536499023438
0.5650066694912869,-0.752520907108202,3.0,21.08209559137677,470.32806396484375,25.53061866760254,566.9764404296875,152.71051025390625
0.6056808625039581,-0.6920511713968629,3.0,21.3497304753712,469.8686828613281,28.89888572692871,564.9173583984375,153.02203369140625
0.4595260492481915,-0.6964677577486503,3.0,20.539673367449378,468.953857421875,29.935741424560547,565.16650390625,153.505615234375
0.2776963289780504,-0.09635396718739386,3.0,21.196628191392588,467.3165283203125,28.665700912475586,565.6586303710938,153.7613067626953
0.3596788136589407,-0.5994328202705231,3.0,20.986000340234764,466.3874816894531,31.53289031982422,564.7034301757812,155.21055603027344
0.29281456185421223,-0.5642966707446717,3.0,20.384348831897203,465.4636535644531,33.11369705200195,563.7947387695312,155.1068572998047
0.28319335978408294,-0.569145488141379,3.0,20.105091099084934,465.86285400390625,33.888370513916016,563.4765014648438,155.10597229003906
0.36551486487174034,-0.6785340309680566,3.0,21.714930650831207,465.5206298828125,34.533935546875,563.1390380859375,155.59017944335938
0.33497133664573053,-0.4971727607336606,3.0,20.920056660614886,464.8905944824219,36.49679183959961,561.8703002929688,155.5970001220703
0.33181628970231364,-0.6150732990364495,3.0,20.787138085184413,463.70147705078125,38.55509567260742,560.4388427734375,156.9285430908203
0.3156841913991587,-0.5655401006576297,3.0,21.27651889840869,461.71533203125,38.730674743652344,559.4971313476562,158.74441528320312
0.2381683604985493,-0.4579750242293293,3.0,21.661436760832515,461.8708801269531,39.93859100341797,558.7193603515625,159.98390197753906
0.22087672185677382,-0.5197664867896749,3.0,20.513956206807165,461.8136901855469,39.88087844848633,557.6377563476562,160.59945678710938
0.6758772614645937,-0.5331366207263086,3.0,20.97120543191852,461.6817626953125,41.00136947631836,555.9059448242188,158.496337890625
0.6730524464963465,-0.5598087116756703,3.0,21.425855260805378,461.5498352050781,40.71097946166992,555.2838745117188,158.34068298339844
0.8753456302665475,-0.599393938118608,3.0,20.34627885091149,461.78948974609375,41.56672286987305,553.9738159179688,157.93548583984375
0.8395625989119159,-0.7097851610957006,3.0,20.557189838799005,462.35943603515625,42.09184265136719,555.6529541015625,158.74317932128906
0.9503501002592122,-0.6560883766686508,3.0,21.3917611477475,461.7644348144531,42.368473052978516,555.0697021484375,157.64178466796875
0.8888076432607891,-0.6528955128377549,3.0,20.779620207384802,461.8235168457031,41.92129135131836,555.3565063476562,157.95889282226562
0.9350630229699393,-0.6668920222627753,3.0,21.497565425973573,461.5641174316406,42.1492805480957,555.076171875,157.85267639160156
0.9289571935387145,-0.6137350605886848,3.0,21.734172098952232,460.95538330078125,42.494937896728516,553.6572265625,157.36851501464844
0.8844946538754057,-0.6657625756444727,3.0,20.72448414894458,460.2196960449219,41.59103012084961,553.7982177734375,158.18211364746094
0.7200122323138228,-0.6272990726526763,3.0,21.517196092916357,460.3616638183594,41.61233901977539,554.2225341796875,158.0068359375
0.7964284440003384,-0.68684415883354,3.0,21.668598824173667,460.3178405761719,42.793434143066406,553.58154296875,158.2971954345703
0.7840663165362998,-0.6342480588850201,3.0,20.732167130478626,459.9189453125,42.38756561279297,553.6323852539062,158.2610321044922
0.7820215414513368,-0.6267438035653947,3.0,21.909464160720443,459.6716613769531,43.16389465332031,553.6621704101562,158.09788513183594
0.7555017833163278,-0.5687510739839383,3.0,19.31372630279923,460.06671142578125,43.13111877441406,554.5382690429688,158.09202575683594
0.7670585708667266,-0.5968418308459851,3.0,20.759256601252197,460.2325744628906,43.35301208496094,555.2589721679688,158.4099578857422
0.5115090895137752,-0.7346907772940127,3.0,19.91994604811976,459.3003234863281,44.536720275878906,554.3653564453125,157.45533752441406
0.7559318838323755,-0.6317723843356824,3.0,21.05606008122612,461.1136779785156,44.333229064941406,556.0028076171875,159.063720703125
0.5514357332084612,-0.6276687194119793,3.0,20.75104019789734,461.5359191894531,45.075069427490234,556.7882080078125,159.2283477783203
0.15651131410286676,-0.479843305204406,3.0,20.969632733054024,461.87078857421875,45.582706451416016,557.8827514648438,160.42562866210938
0.6458799475781591,-0.5518384031652811,3.0,21.57186500303445,462.4292907714844,46.46493911743164,559.2647094726562,161.4172821044922
0.787773170457581,-0.4860676453041392,3.0,20.750526888636028,463.69781494140625,45.59708023071289,561.3226928710938,161.02239990234375
0.324230541653332,-0.3706142857270241,3.0,20.669232475052358,465.96820068359375,47.183162689208984,560.9949951171875,160.8067169189453
0.40303667410208477,-0.4702623168667369,3.0,21.153439580391368,467.9669494628906,47.46171569824219,561.4623413085938,160.4024200439453
0.23803546876015436,-0.20280104859007902,3.0,20.70657931763091,468.94464111328125,46.38752746582031,564.453369140625,160.39012145996094
0.5077883871548254,-0.3166253525283927,3.0,21.32563212137544,470.5701904296875,45.0775032043457,564.7068481445312,162.2536163330078
0.5490199797836502,-0.35107121069969555,3.0,21.219576853416438,471.8404235839844,46.92500686645508,565.7024536132812,162.9698486328125
0.6067746227636537,-0.5868477862232447,3.0,20.25695588128758,473.66339111328125,48.920021057128906,566.9120483398438,164.1078643798828
0.5665457102852437,-0.40429475140103815,3.0,21.1207380140694,474.3045349121094,47.50941848754883,566.6092529296875,163.38804626464844
0.4375941187230619,-0.44395374740617116,3.0,21.840214533052148,474.8130798339844,47.47285842895508,568.5823974609375,162.84262084960938
0.5565628509390816,-0.4441071454849597,3.0,21.711446082491303,475.7610168457031,48.00637435913086,569.65966796875,163.04196166992188
0.46768624114430324,-0.4009093410233294,3.0,20.663326485469227,477.0660095214844,49.505733489990234,570.0919189453125,162.97286987304688
0.526525323320187,-0.5149645410281529,3.0,21.820784950264287,478.146484375,50.0474853515625,571.8760375976562,163.52833557128906
0.5346812541585546,-0.590249175567494,3.0,20.29312096610317,479.908935546875,50.187137603759766,575.6639404296875,163.52369689941406
0.5613173924332001,-0.6095451092456631,3.0,21.118185800383664,480.9794921875,51.38349151611328,576.77490234375,163.6353759765625
0.5556491203690754,-0.52279849569073,3.0,21.987911194988335,482.5327453613281,50.61906814575195,574.8178100585938,164.1327667236328
0.7068295849179306,-0.4864266394190819,3.0,21.60097233380714,483.0548095703125,49.54793930053711,576.6414184570312,163.21812438964844
0.4629862944525314,-0.5222639992599512,3.0,18.264294889938817,483.37799072265625,50.64973449707031,576.1409912109375,161.96725463867188
0.39190972075162467,-0.5703335243036634,3.0,20.90504196654638,484.8349609375,51.48518753051758,577.1572265625,161.7498779296875
0.2713068728907323,-0.45252806085179026,3.0,21.28396865992774,485.8291320800781,50.13361740112305,577.9832153320312,161.68698120117188
0.2885082303715541,-0.24152021504652305,3.0,19.817263488133655,487.8528137207031,50.864952087402344,579.7265625,162.5312957763672
0.05651041411871838,-0.31733561759111684,3.0,20.76305888875688,489.3822021484375,51.33898162841797,580.8278198242188,164.426513671875
0.36006523833311116,-0.46917521450976657,3.0,20.470504404695088,490.0301208496094,51.74066925048828,582.8228759765625,164.98667907714844
0.2562898401359935,-0.20530468633086255,3.0,20.506233560511983,491.34637451171875,53.34388732910156,584.2286376953125,166.3509063720703
0.2382178952948248,-0.2040572616762694,3.0,21.352991187565863,492.0233154296875,53.35674285888672,584.3933715820312,166.50721740722656
0.25507517236280836,-0.34934628126165124,3.0,22.561180799104935,492.4090576171875,53.398555755615234,585.4657592773438,166.6593780517578
0.183205242973167,-0.18152745148641705,3.0,22.1086799534033,493.1725158691406,52.795230865478516,586.6699829101562,167.45254516601562
0.1713381971557739,-0.2551103260891974,3.0,22.96097355354709,493.3473205566406,53.87136459350586,586.612060546875,167.43299865722656
0.2800143443908554,-0.2544847495491378,3.0,22.633619875561887,493.55731201171875,54.7626953125,586.8963012695312,168.04086303710938
0.4753601398253666,-0.3193502989557618,3.0,21.907747593404125,495.0796813964844,53.57720947265625,589.8811645507812,167.41595458984375
0.6794767899939447,-0.3599853435004088,3.0,22.9715368564027,495.3219299316406,53.907470703125,589.94140625,167.61712646484375
0.690406669423739,-0.41104693002882503,3.0,22.21182850364345,494.93743896484375,54.164764404296875,588.936279296875,167.29013061523438
0.7774749928383536,-0.5330908143555593,3.0,22.24375135897667,493.850341796875,55.05671691894531,584.317138671875,168.66624450683594
0.856306425317462,-0.5586281323644381,3.0,22.68846996456874,494.8835754394531,53.13933563232422,588.1499633789062,167.604248046875
0.956664987836008,-0.4579409357673763,3.0,21.611100519886026,494.6954040527344,53.54875946044922,588.9583740234375,167.8724365234375
0.9057544025413993,-0.44159924668643213,3.0,22.819438097103436,494.8423767089844,53.21956253051758,588.8675537109375,167.7484893798828
0.8094667480651484,-0.5358152281507104,3.0,22.686629164863696,493.21026611328125,55.22645568847656,584.7493896484375,168.6363525390625
0.8461986637161752,-0.5764302989871818,3.0,21.35581794390049,493.3793640136719,55.196651458740234,584.7325439453125,169.22708129882812
0.8656847470961762,-0.6109185014198169,3.0,20.305204707522645,493.45758056640625,55.3927116394043,584.4271850585938,168.87977600097656
0.8362866444550093,-0.5346013593258522,3.0,21.19759232211536,493.6745300292969,55.24945831298828,584.211669921875,169.41629028320312
0.7800223064210143,-0.42010780300560163,3.0,20.584025715898218,493.0935363769531,55.41425323486328,584.2081909179688,168.29364013671875
0.6317324369193312,-0.42531694609779663,3.0,19.752308742847724,492.6856689453125,56.014278411865234,583.1781616210938,168.08921813964844
0.7125750886536676,-0.5542227312892289,3.0,20.034027674950682,493.0341796875,57.146827697753906,582.5615844726562,166.9344940185547
0.7148827177382212,-0.6001939517100678,3.0,19.22079398030401,493.17462158203125,56.86797332763672,582.529296875,167.13136291503906
0.77157555839161,-0.6643790634581765,3.0,19.604589964710556,491.8440246582031,55.88266372680664,583.5646362304688,165.5008544921875
0.807232355910572,-0.6815516587992255,3.0,20.58422775479356,492.2864685058594,55.202980041503906,583.8571166992188,166.06993103027344
0.8109352150902182,-0.6728905263020698,3.0,22.241510234383284,492.4138488769531,55.36198043823242,583.819091796875,166.03001403808594
0.7876900798315704,-0.6571531084724646,3.0,21.998982476568113,492.5097351074219,55.81813049316406,583.6087646484375,165.98904418945312
0.7266637434524047,-0.6645500384001597,3.0,22.91380902172666,492.6436462402344,56.058414459228516,582.9583129882812,165.9511260986328
0.7921740441589369,-0.7046774844410376,3.0,22.50356253755687,492.83526611328125,57.0610466003418,583.1141967773438,166.58763122558594
0.7419854418358486,-0.5182077386036514,3.0,22.14486570962445,493.7416076660156,55.426856994628906,586.574462890625,166.5196990966797
0.7466742032510422,-0.6867227186878323,3.0,22.79091906930241,493.7984619140625,58.26313400268555,583.2109985351562,166.91934204101562
0.7536775179696236,-0.5808175905669783,3.0,21.832370363430048,493.5099182128906,58.630706787109375,583.3246459960938,167.128662109375
0.7250741025977364,-0.534997105063838,3.0,22.86484335392147,494.7149658203125,56.35720443725586,586.7644653320312,167.70616149902344
0.7262123376476363,-0.5395591000111437,3.0,22.375468789176907,494.85455322265625,57.12887191772461,586.7379150390625,167.9068603515625
0.618651255960971,-0.2845193476908334,3.0,21.783160562561022,495.1920471191406,57.11043930053711,587.210205078125,168.2823028564453
0.8194946148337328,-0.37217409917748345,3.0,22.853879810600077,493.34814453125,58.15749740600586,584.22119140625,168.39027404785156
0.8281536168020165,-0.3523191679865067,3.0,22.60763450944881,493.70184326171875,58.47153091430664,583.9894409179688,167.97657775878906
0.8417900668476581,-0.37499358782355036,3.0,21.709086203773193,493.9090881347656,58.72301483154297,584.1824340820312,168.78363037109375
0.8852975969440646,-0.3773712580447731,3.0,22.915812075550043,494.035888671875,58.52436828613281,583.8465576171875,169.54791259765625
0.879428788849857,-0.39311373588044946,3.0,21.653720463192894,493.7981872558594,58.75131607055664,583.6602783203125,169.2369842529297
0.869142062823317,-0.36327008638891256,3.0,21.94247449646874,493.5142822265625,58.55506134033203,583.666015625,169.22552490234375
0.9159172915772505,-0.36012302892876585,3.0,22.66248102141271,493.30548095703125,58.16396713256836,583.498046875,169.34194946289062
0.7889468255499789,-0.4066902648015644,3.0,21.329319331790792,492.3523254394531,57.708656311035156,582.9269409179688,169.44805908203125
0.8068573828290888,-0.3955574524967062,3.0,21.724490852963722,491.9686584472656,57.729461669921875,582.0966796875,170.02882385253906
0.6808232842410888,-0.22991975165424688,3.0,21.386525527868283,491.7257080078125,56.67225646972656,583.1238403320312,169.40293884277344
0.3862297307787037,-0.28509086206076445,3.0,21.4070463581567,490.4539794921875,56.85936737060547,581.8182983398438,170.40475463867188
0.5376109976737508,-0.32355889242641395,3.0,22.538388788582235,489.6674499511719,57.18070983886719,580.384765625,170.9943389892578
0.4850737535853216,-0.43524840643492013,3.0,22.399846192462363,489.3727111816406,58.96543884277344,578.6838989257812,169.1290283203125
0.5956604525864259,-0.3693865684644975,3.0,21.12924985013123,488.0387268066406,59.58184814453125,580.619140625,169.88601684570312
0.5533825039653091,-0.2916190688408757,3.0,22.34245291059405,486.056396484375,59.483619689941406,579.630126953125,171.2272491455078
0.4918384490702319,-0.23866610530628513,3.0,22.44023326734792,483.6615905761719,58.105003356933594,579.4723510742188,170.96836853027344
0.30611598623472197,-0.28064444830476815,3.0,21.709198567317447,481.30218505859375,57.95460510253906,576.8135986328125,169.70289611816406
0.35406726692603474,-0.27815172952445394,3.0,22.508876247719222,478.0635070800781,55.92258071899414,575.1655883789062,168.8429718017578
0.29475440839222594,-0.3247389391054281,3.0,21.7465676718238,476.4334411621094,56.14435958862305,572.0989379882812,169.09922790527344
0.40421032919448263,-0.47240696049257774,3.0,22.10343700924335,476.2602844238281,55.78582000732422,568.3778686523438,169.16517639160156
0.3909733533123528,-0.47699265757358517,3.0,22.674855116339415,474.0697937011719,55.473419189453125,566.0733642578125,169.346923828125
0.4267539878220034,-0.3834041168621296,3.0,20.727146937605628,472.4704284667969,56.193260192871094,563.3580932617188,168.71771240234375
0.4150323506001286,-0.3781342536970808,3.0,19.282649172248608,470.7443542480469,56.53181838989258,564.00927734375,168.763671875
0.5820303941274004,-0.38252793686349357,3.0,20.24385464479292,468.83013916015625,56.66300964355469,562.2411499023438,168.59152221679688
0.09710844072421332,-0.23703918019635573,3.0,21.034201921726744,465.9359130859375,57.94260787963867,559.1480102539062,169.57046508789062
0.3325758232452043,-0.18324305986064612,3.0,21.523710800589114,463.35333251953125,56.16756820678711,560.0780639648438,169.16351318359375
0.6059240091114824,-0.3058648501439275,3.0,22.71697908824533,460.9897766113281,56.450096130371094,556.7213745117188,167.4920654296875
0.1669117571079532,-0.1701586831089778,3.0,22.065412841623484,459.8670959472656,56.42543029785156,554.7536010742188,167.63925170898438
-0.23551558573672138,-0.10205046875907335,3.0,21.794706047410703,458.8645324707031,56.31536102294922,552.09716796875,168.83078002929688
-0.03298431536506739,-0.09650523473731035,3.0,22.42235872104523,459.2281188964844,58.24047088623047,552.0325317382812,170.20059204101562
0.09144576129837782,-0.0838829164347708,3.0,21.539185226648318,457.3902282714844,59.64577865600586,549.4656982421875,170.06057739257812
0.2892704270755348,-0.1738357096260502,3.0,21.97685105134372,454.7928466796875,60.65982437133789,547.7138671875,170.18943786621094
0.16620735099962725,-0.15679600602339622,3.0,22.56785739267055,452.08868408203125,59.97853088378906,546.5839233398438,170.69703674316406
0.6756634096290604,-0.17320107833828433,3.0,21.497455242507957,451.01300048828125,61.70247268676758,544.8070068359375,170.57147216796875
0.7363344803188094,-0.28293929421608943,3.0,20.68788904124454,449.8691101074219,60.5841064453125,543.981689453125,171.47036743164062
0.7006012500765623,-0.2920933778310188,3.0,22.811371139235,448.8006896972656,59.77641677856445,542.7308959960938,171.5094451904297
0.41960979188175684,-0.10684921872728713,3.0,21.546709407636865,447.6097412109375,59.462440490722656,544.021240234375,173.1986846923828
0.5598265548549737,-0.09740538318575714,3.0,22.568221684153887,447.2264709472656,59.983131408691406,544.1334228515625,174.57315063476562
0.9332861618906384,-0.10773312189308444,3.0,22.74321657087084,448.1993713378906,59.84385299682617,545.0446166992188,174.98826599121094
0.8263157693337526,-0.1118493036739109,3.0,21.825213214900845,449.9067077636719,59.58427047729492,545.3564453125,173.529052734375
0.11603446132697041,-0.1050571776297728,3.0,22.75765451457654,450.8890686035156,59.566070556640625,546.6690063476562,172.37025451660156
0.7089326832307662,-0.22349594078886675,3.0,21.564988483053636,452.2831726074219,59.891876220703125,547.1597900390625,171.0586700439453
0.6061908578527083,-0.1403166315140949,3.0,20.39902146265071,454.8896789550781,58.99164581298828,548.8527221679688,170.56849670410156
0.3299360979727177,-0.1627548289624485,3.0,21.0749982413651,456.67620849609375,57.80021286010742,549.8924560546875,170.1742401123047
0.2482572136560965,-0.1573334319313742,3.0,20.501522594520615,458.5950927734375,56.07544708251953,553.2910766601562,170.2178192138672
0.1602714312459496,-0.3186163317593359,3.0,20.134817652452345,458.48687744140625,54.8429069519043,556.010498046875,169.37705993652344
-0.007572165927422298,-0.023944481360902433,3.0,21.189560578351234,459.6606750488281,55.07273864746094,559.1444702148438,170.08335876464844
-0.0895727601037251,-0.1856162027080157,3.0,20.7053526911552,463.2882995605469,54.30401611328125,562.1104736328125,169.8556365966797
0.029984797029311148,-0.35045974891341336,3.0,19.71961992881893,465.6641845703125,52.68943786621094,563.7979736328125,169.32098388671875
-0.005114867189606184,-0.35714055482398616,3.0,19.48383200709803,468.3403015136719,52.94395065307617,565.4913940429688,169.3215789794922
0.18707268550818007,-0.4958134833132842,3.0,19.682697000412958,469.6784362792969,53.34132766723633,566.5693969726562,169.07911682128906
0.20218079837219957,-0.43311974177561974,3.0,19.607981001178075,469.79913330078125,52.60710144042969,566.9689331054688,169.73501586914062
0.5627035677805863,-0.4397251802273433,3.0,19.74096683249634,470.8238525390625,52.61198425292969,567.6318969726562,169.80284118652344
0.52484406972402,-0.4736716956942563,3.0,19.47795073745217,471.58319091796875,53.46487808227539,568.1530151367188,169.3108673095703
0.48984960036816066,-0.3814320460749259,3.0,20.175884013911404,471.75115966796875,53.932857513427734,568.7230224609375,169.83299255371094
0.5109713972896882,-0.29419381298276426,3.0,19.80650157722748,471.3274230957031,53.99295425415039,569.0275268554688,171.55032348632812
0.43052821971886374,-0.3705972414960475,3.0,19.67097358164926,470.7083435058594,54.88788986206055,568.2208251953125,171.50845336914062
0.39802460493055564,-0.39707865011135945,3.0,20.097384271127318,471.0882568359375,55.09352493286133,568.3042602539062,171.46621704101562
0.45985628122336125,-0.25989176551032567,3.0,19.98743846707363,470.96087646484375,55.154075622558594,568.1205444335938,171.41372680664062
0.4146906670322715,-0.0913136685083099,3.0,20.231843791001005,470.74359130859375,54.75059127807617,568.263671875,170.75341796875
0.08561983009772048,-0.07805964839520355,3.0,20.99240744540818,472.4346008300781,53.36629867553711,572.0133666992188,172.8477325439453
0.1266439624776281,-0.09213978107845247,3.0,18.86182488645051,471.7756652832031,52.83688735961914,570.9235229492188,172.24049377441406
0.057875816809602,-0.0805552966527168,3.0,19.78519944148836,474.0553283691406,51.373172760009766,572.1591796875,171.46527099609375
0.07567958132899973,-0.02977946730926604,3.0,19.570287420679357,473.9261169433594,51.173858642578125,572.5836791992188,170.817138671875
0.08866355690757205,-0.11616016253042216,3.0,21.543610578923307,473.25811767578125,53.41701889038086,571.1663818359375,169.2115020751953
0.10467900875498155,-0.10082647992207294,3.0,22.222420023100316,473.4687805175781,52.973899841308594,570.5588989257812,169.03857421875
0.12526444503296705,-0.11845793791894253,3.0,20.658543072452346,473.41387939453125,53.47306823730469,571.129150390625,169.31724548339844
0.0953438301859268,-0.13194471831132182,3.0,22.15551048005409,473.78729248046875,52.94401550292969,570.9898681640625,169.54644775390625
0.11125994612467636,-0.11979670899892536,3.0,21.614775725593667,474.05767822265625,52.88825225830078,570.8136596679688,169.31642150878906
0.15100016854305676,-0.10858666502245483,3.0,21.534098318572713,474.02557373046875,53.50201416015625,570.182861328125,169.42556762695312
-0.014218084427715036,-0.13421772630170442,3.0,21.730906528643445,476.4671936035156,52.71926498413086,573.6824340820312,168.5803985595703
0.06483518937019707,-0.09705357960575767,3.0,21.27468425057063,477.06317138671875,53.68365478515625,573.8509521484375,168.61892700195312
0.030410103855396806,-0.0468921415257882,3.0,22.19126275746401,474.40765380859375,52.85627746582031,570.996826171875,169.5915985107422
-0.06439203936480789,-0.08902042049364266,3.0,22.70246981071821,474.9070129394531,54.09040069580078,571.0681762695312,169.45846557617188
-0.10971291584744933,-0.01194587538565943,3.0,21.91576054299494,474.9224548339844,53.424102783203125,570.9237670898438,169.9719696044922
-0.09084628373700099,-0.0425194973319871,3.0,22.842429160381005,476.52960205078125,53.71232604980469,573.9400634765625,168.66961669921875
-0.12019751474298229,-0.11094942154157313,3.0,22.244223232232162,477.2080993652344,54.47748947143555,573.8053588867188,168.64161682128906
-0.09821951153099437,-0.013895841935815448,3.0,21.463901909811067,477.48297119140625,54.926361083984375,574.3736572265625,169.1243133544922
-0.16277293845786106,-0.021178522252746135,3.0,22.086327374213422,477.1759948730469,55.1529426574707,574.4832153320312,169.41343688964844
-0.10664282374280598,-0.014883608384125837,3.0,22.56882886276198,477.68359375,56.21373748779297,573.9970703125,169.05581665039062
-0.1819719330723513,-0.024359401858736775,3.0,21.980075777028976,477.59326171875,56.61198425292969,574.0361938476562,169.45974731445312
-0.15587002491237567,0.005330583237902603,3.0,22.825150469639418,477.7898864746094,57.0694580078125,573.9210815429688,169.3141326904297
-0.1626741351814191,0.036710610362306266,3.0,21.77524426585262,477.1448059082031,57.45245361328125,573.9518432617188,169.51467895507812
-0.15993960137412574,0.029772543090431834,3.0,22.310483677931032,477.0848693847656,57.65671920776367,573.8212890625,169.83482360839844
-0.2776185646742201,-0.12362713359478633,3.0,22.300756596961914,477.6283264160156,57.32817459106445,573.5867309570312,170.99765014648438
-0.24240784663784645,-0.10541643806082451,3.0,20.815301164758488,477.4853210449219,57.437808990478516,573.5492553710938,170.84815979003906
-0.1522979269422524,-0.10910145406116714,3.0,22.053694804033945,477.2710876464844,57.174232482910156,573.3251953125,170.83050537109375
-0.14326688136968468,-0.2057422436979625,3.0,22.03781991666798,477.2303771972656,57.40602111816406,573.3434448242188,170.64254760742188
-0.14460112507581438,-0.21834299039567245,3.0,20.2120521408091,477.2428894042969,57.423583984375,573.4486083984375,170.89627075195312
-0.19266159537182032,-0.2066178910643806,3.0,21.24063889479708,477.82745361328125,57.55046844482422,573.3301391601562,170.52389526367188
-0.18129868594877926,-0.17329695213752716,3.0,21.586408856270875,477.6540222167969,57.609134674072266,573.3104248046875,170.85971069335938
-0.17188041675371404,-0.16390211876005464,3.0,20.498616907933965,477.8843688964844,57.6282844543457,573.9490356445312,170.4345703125
-0.20948425134563287,-0.19937142973827499,3.0,21.231929616749433,478.1431884765625,57.348060607910156,574.1419677734375,170.6843719482422
-0.19129193162319258,-0.1921894169105493,3.0,22.195255406857065,478.36834716796875,57.279945373535156,574.156982421875,170.6149444580078
-0.17298935703162302,-0.23606765903069485,3.0,21.874955669135286,478.143798828125,57.361610412597656,574.5816650390625,170.91336059570312
-0.16280782586814108,-0.23203882893362296,3.0,21.908777501514802,477.9469909667969,57.613277435302734,574.6326293945312,171.32769775390625
-0.22602168276669793,-0.182062480549414,3.0,22.48245327215519,478.5575256347656,58.857547760009766,574.738525390625,170.12637329101562
-0.13239745569663527,-0.21203289650883872,3.0,21.39601697682011,478.2996826171875,58.88975143432617,574.02587890625,170.47726440429688
0.012658803609473643,-0.34553290089676675,3.0,22.44287487693164,478.33892822265625,59.20825958251953,573.8446655273438,170.6996612548828
0.056658485875326785,-0.27350451342226567,3.0,22.292341217114004,477.9759216308594,59.27244567871094,573.7218627929688,170.0547637939453
0.051500209159952307,-0.32403213615212106,3.0,22.102505190603164,477.21246337890625,59.32767868041992,573.3430786132812,170.55923461914062
0.043032688474045365,-0.3334770369580871,3.0,22.56033133421187,477.3594665527344,59.89173889160156,573.1254272460938,171.10781860351562
0.16536738999181624,-0.26950790757438375,3.0,21.919883771368248,476.9198913574219,59.5147705078125,573.0189819335938,170.9532470703125
0.26146382950179947,-0.3145997522032784,3.0,22.30716128174445,476.802978515625,59.648921966552734,572.5963745117188,171.5833282470703
0.32107975576765924,-0.31666263678365375,3.0,22.645106603534195,476.394287109375,59.37797164916992,572.9814453125,171.81240844726562
0.35551362971405676,-0.3049260858596746,3.0,21.73991737978863,476.43841552734375,59.39055633544922,572.8056640625,171.9060516357422
0.007719971367921695,-0.29216262001936083,3.0,22.698292610330924,476.5950012207031,58.7911262512207,573.0623779296875,172.318115234375
-0.008317052084317461,-0.2407692036191207,3.0,22.501389470070063,476.3541259765625,58.09009552001953,572.9484252929688,172.39186096191406
-0.0792080034572457,-0.26048964517504847,3.0,21.308838920105266,476.9201965332031,59.93895721435547,571.2918090820312,172.21188354492188
-0.031609857926477504,-0.2205062761491438,3.0,22.215475553625247,477.2219543457031,60.18408203125,571.6682739257812,172.09268188476562
-0.03630021723832506,-0.23658351333384317,3.0,22.36902482600464,477.1466369628906,59.99885559082031,571.6336669921875,171.96510314941406
-0.06376166913478612,-0.22825341176018432,3.0,21.485672134170706,477.0706787109375,59.73310470581055,571.5999145507812,172.20657348632812
-0.08615912021846153,-0.24748995694604467,3.0,22.34340507138291,476.594970703125,59.9941520690918,571.1744995117188,172.18019104003906
-0.11705658255334284,-0.21021955012260374,3.0,21.646791666021542,477.0972900390625,58.982303619384766,571.1554565429688,172.8495330810547
-0.12000869662169568,-0.20949037661614006,3.0,21.91667668190725,476.8056640625,59.539939880371094,571.032470703125,173.42930603027344
